date,title,motion_text,deputy,party,vote,afavor,enContra,abstenciones,noVotan,initiative_url
22/5/2018,Presupuestos Generales del Estado," Disposiciones adicionales, transitorias, derogatorias y finales   ","Sahuquillo García, Luis Carlos",GS,No,81,258,8,3,https://www.congreso.es/es/busqueda-de-iniciativas?p_p_id=iniciativas&p_p_lifecycle=0&p_p_state=normal&p_p_mode=view&_iniciativas_mode=mostrarDetalle&_iniciativas_legislatura=XII&_iniciativas_id=121/000020
22/5/2018,Presupuestos Generales del Estado," Disposiciones adicionales, transitorias, derogatorias y finales   ","Mateu Istúriz, Jaime Miguel",GP,No,81,258,8,3,https://www.congreso.es/es/busqueda-de-iniciativas?p_p_id=iniciativas&p_p_lifecycle=0&p_p_state=normal&p_p_mode=view&_iniciativas_mode=mostrarDetalle&_iniciativas_legislatura=XII&_iniciativas_id=121/000020
22/5/2018,Presupuestos Generales del Estado," Disposiciones adicionales, transitorias, derogatorias y finales   ","Pérez Herraiz, Margarita",GS,No,81,258,8,3,https://www.congreso.es/es/busqueda-de-iniciativas?p_p_id=iniciativas&p_p_lifecycle=0&p_p_state=normal&p_p_mode=view&_iniciativas_mode=mostrarDetalle&_iniciativas_legislatura=XII&_iniciativas_id=121/000020
22/5/2018,Presupuestos Generales del Estado," Disposiciones adicionales, transitorias, derogatorias y finales   ","De Barrionuevo Gener, Avelino",GP,No,81,258,8,3,https://www.congreso.es/es/busqueda-de-iniciativas?p_p_id=iniciativas&p_p_lifecycle=0&p_p_state=normal&p_p_mode=view&_iniciativas_mode=mostrarDetalle&_iniciativas_legislatura=XII&_iniciativas_id=121/000020
22/5/2018,Presupuestos Generales del Estado," Disposiciones adicionales, transitorias, derogatorias y finales   ","Aguiar Rodríguez, Ernesto",GP,No,81,258,8,3,https://www.congreso.es/es/busqueda-de-iniciativas?p_p_id=iniciativas&p_p_lifecycle=0&p_p_state=normal&p_p_mode=view&_iniciativas_mode=mostrarDetalle&_iniciativas_legislatura=XII&_iniciativas_id=121/000020
22/5/2018,Presupuestos Generales del Estado," Disposiciones adicionales, transitorias, derogatorias y finales   ","Martín Llaguno, Marta",GCs,No,81,258,8,3,https://www.congreso.es/es/busqueda-de-iniciativas?p_p_id=iniciativas&p_p_lifecycle=0&p_p_state=normal&p_p_mode=view&_iniciativas_mode=mostrarDetalle&_iniciativas_legislatura=XII&_iniciativas_id=121/000020
22/5/2018,Presupuestos Generales del Estado," Disposiciones adicionales, transitorias, derogatorias y finales   ","Igea Arisqueta, Francisco",GCs,No,81,258,8,3,https://www.congreso.es/es/busqueda-de-iniciativas?p_p_id=iniciativas&p_p_lifecycle=0&p_p_state=normal&p_p_mode=view&_iniciativas_mode=mostrarDetalle&_iniciativas_legislatura=XII&_iniciativas_id=121/000020
22/5/2018,Presupuestos Generales del Estado," Disposiciones adicionales, transitorias, derogatorias y finales   ","Pastor Julián, Ana María",GP,No,81,258,8,3,https://www.congreso.es/es/busqueda-de-iniciativas?p_p_id=iniciativas&p_p_lifecycle=0&p_p_state=normal&p_p_mode=view&_iniciativas_mode=mostrarDetalle&_iniciativas_legislatura=XII&_iniciativas_id=121/000020
22/5/2018,Presupuestos Generales del Estado," Disposiciones adicionales, transitorias, derogatorias y finales   ","Moro Almaraz, María Jesús",GP,No,81,258,8,3,https://www.congreso.es/es/busqueda-de-iniciativas?p_p_id=iniciativas&p_p_lifecycle=0&p_p_state=normal&p_p_mode=view&_iniciativas_mode=mostrarDetalle&_iniciativas_legislatura=XII&_iniciativas_id=121/000020
22/5/2018,Presupuestos Generales del Estado," Disposiciones adicionales, transitorias, derogatorias y finales   ","De Arriba Sánchez, Bienvenido",GP,No,81,258,8,3,https://www.congreso.es/es/busqueda-de-iniciativas?p_p_id=iniciativas&p_p_lifecycle=0&p_p_state=normal&p_p_mode=view&_iniciativas_mode=mostrarDetalle&_iniciativas_legislatura=XII&_iniciativas_id=121/000020
22/5/2018,Presupuestos Generales del Estado," Disposiciones adicionales, transitorias, derogatorias y finales   ","Villalobos Talero, Celia",GP,No,81,258,8,3,https://www.congreso.es/es/busqueda-de-iniciativas?p_p_id=iniciativas&p_p_lifecycle=0&p_p_state=normal&p_p_mode=view&_iniciativas_mode=mostrarDetalle&_iniciativas_legislatura=XII&_iniciativas_id=121/000020
22/5/2018,Presupuestos Generales del Estado," Disposiciones adicionales, transitorias, derogatorias y finales   ","España Reina, Carolina",GP,No,81,258,8,3,https://www.congreso.es/es/busqueda-de-iniciativas?p_p_id=iniciativas&p_p_lifecycle=0&p_p_state=normal&p_p_mode=view&_iniciativas_mode=mostrarDetalle&_iniciativas_legislatura=XII&_iniciativas_id=121/000020
22/5/2018,Presupuestos Generales del Estado," Disposiciones adicionales, transitorias, derogatorias y finales   ","Salvador García, Luis Miguel",GCs,No,81,258,8,3,https://www.congreso.es/es/busqueda-de-iniciativas?p_p_id=iniciativas&p_p_lifecycle=0&p_p_state=normal&p_p_mode=view&_iniciativas_mode=mostrarDetalle&_iniciativas_legislatura=XII&_iniciativas_id=121/000020
22/5/2018,Presupuestos Generales del Estado," Disposiciones adicionales, transitorias, derogatorias y finales   ","Camacho Sánchez, José Miguel",GS,No,81,258,8,3,https://www.congreso.es/es/busqueda-de-iniciativas?p_p_id=iniciativas&p_p_lifecycle=0&p_p_state=normal&p_p_mode=view&_iniciativas_mode=mostrarDetalle&_iniciativas_legislatura=XII&_iniciativas_id=121/000020
22/5/2018,Presupuestos Generales del Estado," Disposiciones adicionales, transitorias, derogatorias y finales   ","Suárez Lamata, Eloy",GP,No,81,258,8,3,https://www.congreso.es/es/busqueda-de-iniciativas?p_p_id=iniciativas&p_p_lifecycle=0&p_p_state=normal&p_p_mode=view&_iniciativas_mode=mostrarDetalle&_iniciativas_legislatura=XII&_iniciativas_id=121/000020
22/5/2018,Presupuestos Generales del Estado," Disposiciones adicionales, transitorias, derogatorias y finales   ","Blasco Marqués, Manuel",GP,No,81,258,8,3,https://www.congreso.es/es/busqueda-de-iniciativas?p_p_id=iniciativas&p_p_lifecycle=0&p_p_state=normal&p_p_mode=view&_iniciativas_mode=mostrarDetalle&_iniciativas_legislatura=XII&_iniciativas_id=121/000020
22/5/2018,Presupuestos Generales del Estado," Disposiciones adicionales, transitorias, derogatorias y finales   ","Delgado Arce, Celso Luis",GP,No,81,258,8,3,https://www.congreso.es/es/busqueda-de-iniciativas?p_p_id=iniciativas&p_p_lifecycle=0&p_p_state=normal&p_p_mode=view&_iniciativas_mode=mostrarDetalle&_iniciativas_legislatura=XII&_iniciativas_id=121/000020
22/5/2018,Presupuestos Generales del Estado," Disposiciones adicionales, transitorias, derogatorias y finales   ","García-Tizón López, Arturo",GP,No,81,258,8,3,https://www.congreso.es/es/busqueda-de-iniciativas?p_p_id=iniciativas&p_p_lifecycle=0&p_p_state=normal&p_p_mode=view&_iniciativas_mode=mostrarDetalle&_iniciativas_legislatura=XII&_iniciativas_id=121/000020
22/5/2018,Presupuestos Generales del Estado," Disposiciones adicionales, transitorias, derogatorias y finales   ","Alonso Díaz-Guerra, José Jaime",GP,No,81,258,8,3,https://www.congreso.es/es/busqueda-de-iniciativas?p_p_id=iniciativas&p_p_lifecycle=0&p_p_state=normal&p_p_mode=view&_iniciativas_mode=mostrarDetalle&_iniciativas_legislatura=XII&_iniciativas_id=121/000020
22/5/2018,Presupuestos Generales del Estado," Disposiciones adicionales, transitorias, derogatorias y finales   ","Vázquez Blanco, Ana Belén",GP,No,81,258,8,3,https://www.congreso.es/es/busqueda-de-iniciativas?p_p_id=iniciativas&p_p_lifecycle=0&p_p_state=normal&p_p_mode=view&_iniciativas_mode=mostrarDetalle&_iniciativas_legislatura=XII&_iniciativas_id=121/000020
22/5/2018,Presupuestos Generales del Estado," Disposiciones adicionales, transitorias, derogatorias y finales   ","Cortés Bureta, Pilar",GP,No,81,258,8,3,https://www.congreso.es/es/busqueda-de-iniciativas?p_p_id=iniciativas&p_p_lifecycle=0&p_p_state=normal&p_p_mode=view&_iniciativas_mode=mostrarDetalle&_iniciativas_legislatura=XII&_iniciativas_id=121/000020
22/5/2018,Presupuestos Generales del Estado," Disposiciones adicionales, transitorias, derogatorias y finales   ","Navarro Fernández-Rodríguez, Fernando",GCs,No,81,258,8,3,https://www.congreso.es/es/busqueda-de-iniciativas?p_p_id=iniciativas&p_p_lifecycle=0&p_p_state=normal&p_p_mode=view&_iniciativas_mode=mostrarDetalle&_iniciativas_legislatura=XII&_iniciativas_id=121/000020
22/5/2018,Presupuestos Generales del Estado," Disposiciones adicionales, transitorias, derogatorias y finales   ","Valmaña Ochaíta, Silvia",GP,No,81,258,8,3,https://www.congreso.es/es/busqueda-de-iniciativas?p_p_id=iniciativas&p_p_lifecycle=0&p_p_state=normal&p_p_mode=view&_iniciativas_mode=mostrarDetalle&_iniciativas_legislatura=XII&_iniciativas_id=121/000020
22/5/2018,Presupuestos Generales del Estado," Disposiciones adicionales, transitorias, derogatorias y finales   ","Salvador Armendáriz, Carlos Casimiro",GMx,No,81,258,8,3,https://www.congreso.es/es/busqueda-de-iniciativas?p_p_id=iniciativas&p_p_lifecycle=0&p_p_state=normal&p_p_mode=view&_iniciativas_mode=mostrarDetalle&_iniciativas_legislatura=XII&_iniciativas_id=121/000020
22/5/2018,Presupuestos Generales del Estado," Disposiciones adicionales, transitorias, derogatorias y finales   ","Blanquer Alcaraz, Patricia",GS,No,81,258,8,3,https://www.congreso.es/es/busqueda-de-iniciativas?p_p_id=iniciativas&p_p_lifecycle=0&p_p_state=normal&p_p_mode=view&_iniciativas_mode=mostrarDetalle&_iniciativas_legislatura=XII&_iniciativas_id=121/000020
22/5/2018,Presupuestos Generales del Estado," Disposiciones adicionales, transitorias, derogatorias y finales   ","Martín González, María Guadalupe",GS,No,81,258,8,3,https://www.congreso.es/es/busqueda-de-iniciativas?p_p_id=iniciativas&p_p_lifecycle=0&p_p_state=normal&p_p_mode=view&_iniciativas_mode=mostrarDetalle&_iniciativas_legislatura=XII&_iniciativas_id=121/000020
22/5/2018,Presupuestos Generales del Estado," Disposiciones adicionales, transitorias, derogatorias y finales   ","Campo Moreno, Juan Carlos",GS,No,81,258,8,3,https://www.congreso.es/es/busqueda-de-iniciativas?p_p_id=iniciativas&p_p_lifecycle=0&p_p_state=normal&p_p_mode=view&_iniciativas_mode=mostrarDetalle&_iniciativas_legislatura=XII&_iniciativas_id=121/000020
22/5/2018,Presupuestos Generales del Estado," Disposiciones adicionales, transitorias, derogatorias y finales   ","Martínez-Maíllo Toribio, Fernando",GP,No,81,258,8,3,https://www.congreso.es/es/busqueda-de-iniciativas?p_p_id=iniciativas&p_p_lifecycle=0&p_p_state=normal&p_p_mode=view&_iniciativas_mode=mostrarDetalle&_iniciativas_legislatura=XII&_iniciativas_id=121/000020
22/5/2018,Presupuestos Generales del Estado," Disposiciones adicionales, transitorias, derogatorias y finales   ","Barrios Tejero, José María",GP,No,81,258,8,3,https://www.congreso.es/es/busqueda-de-iniciativas?p_p_id=iniciativas&p_p_lifecycle=0&p_p_state=normal&p_p_mode=view&_iniciativas_mode=mostrarDetalle&_iniciativas_legislatura=XII&_iniciativas_id=121/000020
22/5/2018,Presupuestos Generales del Estado," Disposiciones adicionales, transitorias, derogatorias y finales   ","Reyes Rivera, Patricia",GCs,No,81,258,8,3,https://www.congreso.es/es/busqueda-de-iniciativas?p_p_id=iniciativas&p_p_lifecycle=0&p_p_state=normal&p_p_mode=view&_iniciativas_mode=mostrarDetalle&_iniciativas_legislatura=XII&_iniciativas_id=121/000020
22/5/2018,Presupuestos Generales del Estado," Disposiciones adicionales, transitorias, derogatorias y finales   ","Lasarte Iribarren, José Javier",GS,No,81,258,8,3,https://www.congreso.es/es/busqueda-de-iniciativas?p_p_id=iniciativas&p_p_lifecycle=0&p_p_state=normal&p_p_mode=view&_iniciativas_mode=mostrarDetalle&_iniciativas_legislatura=XII&_iniciativas_id=121/000020
22/5/2018,Presupuestos Generales del Estado," Disposiciones adicionales, transitorias, derogatorias y finales   ","Lara Carbó, María Teresa de",GP,No,81,258,8,3,https://www.congreso.es/es/busqueda-de-iniciativas?p_p_id=iniciativas&p_p_lifecycle=0&p_p_state=normal&p_p_mode=view&_iniciativas_mode=mostrarDetalle&_iniciativas_legislatura=XII&_iniciativas_id=121/000020
22/5/2018,Presupuestos Generales del Estado," Disposiciones adicionales, transitorias, derogatorias y finales   ","Moreno Palanques, Rubén",GP,No,81,258,8,3,https://www.congreso.es/es/busqueda-de-iniciativas?p_p_id=iniciativas&p_p_lifecycle=0&p_p_state=normal&p_p_mode=view&_iniciativas_mode=mostrarDetalle&_iniciativas_legislatura=XII&_iniciativas_id=121/000020
22/5/2018,Presupuestos Generales del Estado," Disposiciones adicionales, transitorias, derogatorias y finales   ","Quintanilla Barba, María del Carmen",GP,No,81,258,8,3,https://www.congreso.es/es/busqueda-de-iniciativas?p_p_id=iniciativas&p_p_lifecycle=0&p_p_state=normal&p_p_mode=view&_iniciativas_mode=mostrarDetalle&_iniciativas_legislatura=XII&_iniciativas_id=121/000020
22/5/2018,Presupuestos Generales del Estado," Disposiciones adicionales, transitorias, derogatorias y finales   ","Matarí Sáez, Juan José",GP,No,81,258,8,3,https://www.congreso.es/es/busqueda-de-iniciativas?p_p_id=iniciativas&p_p_lifecycle=0&p_p_state=normal&p_p_mode=view&_iniciativas_mode=mostrarDetalle&_iniciativas_legislatura=XII&_iniciativas_id=121/000020
22/5/2018,Presupuestos Generales del Estado," Disposiciones adicionales, transitorias, derogatorias y finales   ","Marcos Moyano, María Dolores",GP,No,81,258,8,3,https://www.congreso.es/es/busqueda-de-iniciativas?p_p_id=iniciativas&p_p_lifecycle=0&p_p_state=normal&p_p_mode=view&_iniciativas_mode=mostrarDetalle&_iniciativas_legislatura=XII&_iniciativas_id=121/000020
22/5/2018,Presupuestos Generales del Estado," Disposiciones adicionales, transitorias, derogatorias y finales   ","Barreda de los Ríos, Leopoldo",GP,No,81,258,8,3,https://www.congreso.es/es/busqueda-de-iniciativas?p_p_id=iniciativas&p_p_lifecycle=0&p_p_state=normal&p_p_mode=view&_iniciativas_mode=mostrarDetalle&_iniciativas_legislatura=XII&_iniciativas_id=121/000020
22/5/2018,Presupuestos Generales del Estado," Disposiciones adicionales, transitorias, derogatorias y finales   ","Tremiño Gómez, Ignacio",GP,No,81,258,8,3,https://www.congreso.es/es/busqueda-de-iniciativas?p_p_id=iniciativas&p_p_lifecycle=0&p_p_state=normal&p_p_mode=view&_iniciativas_mode=mostrarDetalle&_iniciativas_legislatura=XII&_iniciativas_id=121/000020
22/5/2018,Presupuestos Generales del Estado," Disposiciones adicionales, transitorias, derogatorias y finales   ","Tundidor Moreno, Victoria Begoña",GS,No,81,258,8,3,https://www.congreso.es/es/busqueda-de-iniciativas?p_p_id=iniciativas&p_p_lifecycle=0&p_p_state=normal&p_p_mode=view&_iniciativas_mode=mostrarDetalle&_iniciativas_legislatura=XII&_iniciativas_id=121/000020
22/5/2018,Presupuestos Generales del Estado," Disposiciones adicionales, transitorias, derogatorias y finales   ","Heredia Díaz, Miguel Ángel",GS,No,81,258,8,3,https://www.congreso.es/es/busqueda-de-iniciativas?p_p_id=iniciativas&p_p_lifecycle=0&p_p_state=normal&p_p_mode=view&_iniciativas_mode=mostrarDetalle&_iniciativas_legislatura=XII&_iniciativas_id=121/000020
22/5/2018,Presupuestos Generales del Estado," Disposiciones adicionales, transitorias, derogatorias y finales   ","Matos Mascareño, Pablo",GP,No,81,258,8,3,https://www.congreso.es/es/busqueda-de-iniciativas?p_p_id=iniciativas&p_p_lifecycle=0&p_p_state=normal&p_p_mode=view&_iniciativas_mode=mostrarDetalle&_iniciativas_legislatura=XII&_iniciativas_id=121/000020
22/5/2018,Presupuestos Generales del Estado," Disposiciones adicionales, transitorias, derogatorias y finales   ","Zurita Expósito, Ana María",GP,No,81,258,8,3,https://www.congreso.es/es/busqueda-de-iniciativas?p_p_id=iniciativas&p_p_lifecycle=0&p_p_state=normal&p_p_mode=view&_iniciativas_mode=mostrarDetalle&_iniciativas_legislatura=XII&_iniciativas_id=121/000020
22/5/2018,Presupuestos Generales del Estado," Disposiciones adicionales, transitorias, derogatorias y finales   ","Hernández Bento, María del Carmen",GP,No,81,258,8,3,https://www.congreso.es/es/busqueda-de-iniciativas?p_p_id=iniciativas&p_p_lifecycle=0&p_p_state=normal&p_p_mode=view&_iniciativas_mode=mostrarDetalle&_iniciativas_legislatura=XII&_iniciativas_id=121/000020
22/5/2018,Presupuestos Generales del Estado," Disposiciones adicionales, transitorias, derogatorias y finales   ","Romero Sánchez, Rosa María",GP,No,81,258,8,3,https://www.congreso.es/es/busqueda-de-iniciativas?p_p_id=iniciativas&p_p_lifecycle=0&p_p_state=normal&p_p_mode=view&_iniciativas_mode=mostrarDetalle&_iniciativas_legislatura=XII&_iniciativas_id=121/000020
22/5/2018,Presupuestos Generales del Estado," Disposiciones adicionales, transitorias, derogatorias y finales   ","Méndez de Vigo Montojo, Íñigo",GP,No,81,258,8,3,https://www.congreso.es/es/busqueda-de-iniciativas?p_p_id=iniciativas&p_p_lifecycle=0&p_p_state=normal&p_p_mode=view&_iniciativas_mode=mostrarDetalle&_iniciativas_legislatura=XII&_iniciativas_id=121/000020
22/5/2018,Presupuestos Generales del Estado," Disposiciones adicionales, transitorias, derogatorias y finales   ","De la Torre Díaz, Francisco",GCs,No,81,258,8,3,https://www.congreso.es/es/busqueda-de-iniciativas?p_p_id=iniciativas&p_p_lifecycle=0&p_p_state=normal&p_p_mode=view&_iniciativas_mode=mostrarDetalle&_iniciativas_legislatura=XII&_iniciativas_id=121/000020
22/5/2018,Presupuestos Generales del Estado," Disposiciones adicionales, transitorias, derogatorias y finales   ","Galeano Gracia, Óscar",GS,No,81,258,8,3,https://www.congreso.es/es/busqueda-de-iniciativas?p_p_id=iniciativas&p_p_lifecycle=0&p_p_state=normal&p_p_mode=view&_iniciativas_mode=mostrarDetalle&_iniciativas_legislatura=XII&_iniciativas_id=121/000020
22/5/2018,Presupuestos Generales del Estado," Disposiciones adicionales, transitorias, derogatorias y finales   ","Pérez Aras, Juan Vicente",GP,No,81,258,8,3,https://www.congreso.es/es/busqueda-de-iniciativas?p_p_id=iniciativas&p_p_lifecycle=0&p_p_state=normal&p_p_mode=view&_iniciativas_mode=mostrarDetalle&_iniciativas_legislatura=XII&_iniciativas_id=121/000020
22/5/2018,Presupuestos Generales del Estado," Disposiciones adicionales, transitorias, derogatorias y finales   ","Cano Fuster, José",GCs,No,81,258,8,3,https://www.congreso.es/es/busqueda-de-iniciativas?p_p_id=iniciativas&p_p_lifecycle=0&p_p_state=normal&p_p_mode=view&_iniciativas_mode=mostrarDetalle&_iniciativas_legislatura=XII&_iniciativas_id=121/000020
22/5/2018,Presupuestos Generales del Estado," Disposiciones adicionales, transitorias, derogatorias y finales   ","Bastidas Bono, Elena María",GP,No,81,258,8,3,https://www.congreso.es/es/busqueda-de-iniciativas?p_p_id=iniciativas&p_p_lifecycle=0&p_p_state=normal&p_p_mode=view&_iniciativas_mode=mostrarDetalle&_iniciativas_legislatura=XII&_iniciativas_id=121/000020
22/5/2018,Presupuestos Generales del Estado," Disposiciones adicionales, transitorias, derogatorias y finales   ","Robles Fernández, Margarita",GS,No,81,258,8,3,https://www.congreso.es/es/busqueda-de-iniciativas?p_p_id=iniciativas&p_p_lifecycle=0&p_p_state=normal&p_p_mode=view&_iniciativas_mode=mostrarDetalle&_iniciativas_legislatura=XII&_iniciativas_id=121/000020
22/5/2018,Presupuestos Generales del Estado," Disposiciones adicionales, transitorias, derogatorias y finales   ","García Egea, Teodoro",GP,No,81,258,8,3,https://www.congreso.es/es/busqueda-de-iniciativas?p_p_id=iniciativas&p_p_lifecycle=0&p_p_state=normal&p_p_mode=view&_iniciativas_mode=mostrarDetalle&_iniciativas_legislatura=XII&_iniciativas_id=121/000020
22/5/2018,Presupuestos Generales del Estado," Disposiciones adicionales, transitorias, derogatorias y finales   ","Barreda Fontes, José María",GS,No,81,258,8,3,https://www.congreso.es/es/busqueda-de-iniciativas?p_p_id=iniciativas&p_p_lifecycle=0&p_p_state=normal&p_p_mode=view&_iniciativas_mode=mostrarDetalle&_iniciativas_legislatura=XII&_iniciativas_id=121/000020
22/5/2018,Presupuestos Generales del Estado," Disposiciones adicionales, transitorias, derogatorias y finales   ","Floriano Corrales, Carlos Javier",GP,No,81,258,8,3,https://www.congreso.es/es/busqueda-de-iniciativas?p_p_id=iniciativas&p_p_lifecycle=0&p_p_state=normal&p_p_mode=view&_iniciativas_mode=mostrarDetalle&_iniciativas_legislatura=XII&_iniciativas_id=121/000020
22/5/2018,Presupuestos Generales del Estado," Disposiciones adicionales, transitorias, derogatorias y finales   ","Ramos Esteban, César Joaquín",GS,No,81,258,8,3,https://www.congreso.es/es/busqueda-de-iniciativas?p_p_id=iniciativas&p_p_lifecycle=0&p_p_state=normal&p_p_mode=view&_iniciativas_mode=mostrarDetalle&_iniciativas_legislatura=XII&_iniciativas_id=121/000020
22/5/2018,Presupuestos Generales del Estado," Disposiciones adicionales, transitorias, derogatorias y finales   ","Escudero Berzal, Beatriz Marta",GP,No,81,258,8,3,https://www.congreso.es/es/busqueda-de-iniciativas?p_p_id=iniciativas&p_p_lifecycle=0&p_p_state=normal&p_p_mode=view&_iniciativas_mode=mostrarDetalle&_iniciativas_legislatura=XII&_iniciativas_id=121/000020
22/5/2018,Presupuestos Generales del Estado," Disposiciones adicionales, transitorias, derogatorias y finales   ","Postigo Quintana, Jesús",GP,No,81,258,8,3,https://www.congreso.es/es/busqueda-de-iniciativas?p_p_id=iniciativas&p_p_lifecycle=0&p_p_state=normal&p_p_mode=view&_iniciativas_mode=mostrarDetalle&_iniciativas_legislatura=XII&_iniciativas_id=121/000020
22/5/2018,Presupuestos Generales del Estado," Disposiciones adicionales, transitorias, derogatorias y finales   ","Cotelo Balmaseda, Mar",GP,No,81,258,8,3,https://www.congreso.es/es/busqueda-de-iniciativas?p_p_id=iniciativas&p_p_lifecycle=0&p_p_state=normal&p_p_mode=view&_iniciativas_mode=mostrarDetalle&_iniciativas_legislatura=XII&_iniciativas_id=121/000020
22/5/2018,Presupuestos Generales del Estado," Disposiciones adicionales, transitorias, derogatorias y finales   ","Del Río Sanz, Emilio",GP,No,81,258,8,3,https://www.congreso.es/es/busqueda-de-iniciativas?p_p_id=iniciativas&p_p_lifecycle=0&p_p_state=normal&p_p_mode=view&_iniciativas_mode=mostrarDetalle&_iniciativas_legislatura=XII&_iniciativas_id=121/000020
22/5/2018,Presupuestos Generales del Estado," Disposiciones adicionales, transitorias, derogatorias y finales   ","Urquizu Sancho, Ignacio",GS,No,81,258,8,3,https://www.congreso.es/es/busqueda-de-iniciativas?p_p_id=iniciativas&p_p_lifecycle=0&p_p_state=normal&p_p_mode=view&_iniciativas_mode=mostrarDetalle&_iniciativas_legislatura=XII&_iniciativas_id=121/000020
22/5/2018,Presupuestos Generales del Estado," Disposiciones adicionales, transitorias, derogatorias y finales   ","Romero Rodríguez, María Eugenia",GP,No,81,258,8,3,https://www.congreso.es/es/busqueda-de-iniciativas?p_p_id=iniciativas&p_p_lifecycle=0&p_p_state=normal&p_p_mode=view&_iniciativas_mode=mostrarDetalle&_iniciativas_legislatura=XII&_iniciativas_id=121/000020
22/5/2018,Presupuestos Generales del Estado," Disposiciones adicionales, transitorias, derogatorias y finales   ","Candón Adán, Alfonso",GP,No,81,258,8,3,https://www.congreso.es/es/busqueda-de-iniciativas?p_p_id=iniciativas&p_p_lifecycle=0&p_p_state=normal&p_p_mode=view&_iniciativas_mode=mostrarDetalle&_iniciativas_legislatura=XII&_iniciativas_id=121/000020
22/5/2018,Presupuestos Generales del Estado," Disposiciones adicionales, transitorias, derogatorias y finales   ","Pérez López, Santiago",GP,No,81,258,8,3,https://www.congreso.es/es/busqueda-de-iniciativas?p_p_id=iniciativas&p_p_lifecycle=0&p_p_state=normal&p_p_mode=view&_iniciativas_mode=mostrarDetalle&_iniciativas_legislatura=XII&_iniciativas_id=121/000020
22/5/2018,Presupuestos Generales del Estado," Disposiciones adicionales, transitorias, derogatorias y finales   ","Cantera de Castro, Zaida",GS,No,81,258,8,3,https://www.congreso.es/es/busqueda-de-iniciativas?p_p_id=iniciativas&p_p_lifecycle=0&p_p_state=normal&p_p_mode=view&_iniciativas_mode=mostrarDetalle&_iniciativas_legislatura=XII&_iniciativas_id=121/000020
22/5/2018,Presupuestos Generales del Estado," Disposiciones adicionales, transitorias, derogatorias y finales   ","Luis Rodríguez, Teófilo de",GP,No,81,258,8,3,https://www.congreso.es/es/busqueda-de-iniciativas?p_p_id=iniciativas&p_p_lifecycle=0&p_p_state=normal&p_p_mode=view&_iniciativas_mode=mostrarDetalle&_iniciativas_legislatura=XII&_iniciativas_id=121/000020
22/5/2018,Presupuestos Generales del Estado," Disposiciones adicionales, transitorias, derogatorias y finales   ","Montserrat Montserrat, Dolors",GP,No,81,258,8,3,https://www.congreso.es/es/busqueda-de-iniciativas?p_p_id=iniciativas&p_p_lifecycle=0&p_p_state=normal&p_p_mode=view&_iniciativas_mode=mostrarDetalle&_iniciativas_legislatura=XII&_iniciativas_id=121/000020
22/5/2018,Presupuestos Generales del Estado," Disposiciones adicionales, transitorias, derogatorias y finales   ","Alba Mullor, María Dolores",GP,No,81,258,8,3,https://www.congreso.es/es/busqueda-de-iniciativas?p_p_id=iniciativas&p_p_lifecycle=0&p_p_state=normal&p_p_mode=view&_iniciativas_mode=mostrarDetalle&_iniciativas_legislatura=XII&_iniciativas_id=121/000020
22/5/2018,Presupuestos Generales del Estado," Disposiciones adicionales, transitorias, derogatorias y finales   ","Hernando Fraile, Rafael Antonio",GP,No,81,258,8,3,https://www.congreso.es/es/busqueda-de-iniciativas?p_p_id=iniciativas&p_p_lifecycle=0&p_p_state=normal&p_p_mode=view&_iniciativas_mode=mostrarDetalle&_iniciativas_legislatura=XII&_iniciativas_id=121/000020
22/5/2018,Presupuestos Generales del Estado," Disposiciones adicionales, transitorias, derogatorias y finales   ","González Vázquez, Marta",GP,No,81,258,8,3,https://www.congreso.es/es/busqueda-de-iniciativas?p_p_id=iniciativas&p_p_lifecycle=0&p_p_state=normal&p_p_mode=view&_iniciativas_mode=mostrarDetalle&_iniciativas_legislatura=XII&_iniciativas_id=121/000020
22/5/2018,Presupuestos Generales del Estado," Disposiciones adicionales, transitorias, derogatorias y finales   ","Fernández García, Eduardo",GP,No,81,258,8,3,https://www.congreso.es/es/busqueda-de-iniciativas?p_p_id=iniciativas&p_p_lifecycle=0&p_p_state=normal&p_p_mode=view&_iniciativas_mode=mostrarDetalle&_iniciativas_legislatura=XII&_iniciativas_id=121/000020
22/5/2018,Presupuestos Generales del Estado," Disposiciones adicionales, transitorias, derogatorias y finales   ","Simancas Simancas, Rafael",GS,No,81,258,8,3,https://www.congreso.es/es/busqueda-de-iniciativas?p_p_id=iniciativas&p_p_lifecycle=0&p_p_state=normal&p_p_mode=view&_iniciativas_mode=mostrarDetalle&_iniciativas_legislatura=XII&_iniciativas_id=121/000020
22/5/2018,Presupuestos Generales del Estado," Disposiciones adicionales, transitorias, derogatorias y finales   ","García Hernández, José Ramón",GP,No,81,258,8,3,https://www.congreso.es/es/busqueda-de-iniciativas?p_p_id=iniciativas&p_p_lifecycle=0&p_p_state=normal&p_p_mode=view&_iniciativas_mode=mostrarDetalle&_iniciativas_legislatura=XII&_iniciativas_id=121/000020
22/5/2018,Presupuestos Generales del Estado," Disposiciones adicionales, transitorias, derogatorias y finales   ","Santa Ana Fernández, María de la Concepción de",GP,No,81,258,8,3,https://www.congreso.es/es/busqueda-de-iniciativas?p_p_id=iniciativas&p_p_lifecycle=0&p_p_state=normal&p_p_mode=view&_iniciativas_mode=mostrarDetalle&_iniciativas_legislatura=XII&_iniciativas_id=121/000020
22/5/2018,Presupuestos Generales del Estado," Disposiciones adicionales, transitorias, derogatorias y finales   ","Borrego Cortés, Isabel María",GP,No,81,258,8,3,https://www.congreso.es/es/busqueda-de-iniciativas?p_p_id=iniciativas&p_p_lifecycle=0&p_p_state=normal&p_p_mode=view&_iniciativas_mode=mostrarDetalle&_iniciativas_legislatura=XII&_iniciativas_id=121/000020
22/5/2018,Presupuestos Generales del Estado," Disposiciones adicionales, transitorias, derogatorias y finales   ","Sánchez-Camacho Pérez, Alicia",GP,No,81,258,8,3,https://www.congreso.es/es/busqueda-de-iniciativas?p_p_id=iniciativas&p_p_lifecycle=0&p_p_state=normal&p_p_mode=view&_iniciativas_mode=mostrarDetalle&_iniciativas_legislatura=XII&_iniciativas_id=121/000020
22/5/2018,Presupuestos Generales del Estado," Disposiciones adicionales, transitorias, derogatorias y finales   ","Oramas González-Moro, Ana María",GMx,No,81,258,8,3,https://www.congreso.es/es/busqueda-de-iniciativas?p_p_id=iniciativas&p_p_lifecycle=0&p_p_state=normal&p_p_mode=view&_iniciativas_mode=mostrarDetalle&_iniciativas_legislatura=XII&_iniciativas_id=121/000020
22/5/2018,Presupuestos Generales del Estado," Disposiciones adicionales, transitorias, derogatorias y finales   ","Rivera Díaz, Albert",GCs,No,81,258,8,3,https://www.congreso.es/es/busqueda-de-iniciativas?p_p_id=iniciativas&p_p_lifecycle=0&p_p_state=normal&p_p_mode=view&_iniciativas_mode=mostrarDetalle&_iniciativas_legislatura=XII&_iniciativas_id=121/000020
22/5/2018,Presupuestos Generales del Estado," Disposiciones adicionales, transitorias, derogatorias y finales   ","Gutiérrez Vivas, Miguel Ángel",GCs,No,81,258,8,3,https://www.congreso.es/es/busqueda-de-iniciativas?p_p_id=iniciativas&p_p_lifecycle=0&p_p_state=normal&p_p_mode=view&_iniciativas_mode=mostrarDetalle&_iniciativas_legislatura=XII&_iniciativas_id=121/000020
22/5/2018,Presupuestos Generales del Estado," Disposiciones adicionales, transitorias, derogatorias y finales   ","Roldán Monés, Antonio",GCs,No,81,258,8,3,https://www.congreso.es/es/busqueda-de-iniciativas?p_p_id=iniciativas&p_p_lifecycle=0&p_p_state=normal&p_p_mode=view&_iniciativas_mode=mostrarDetalle&_iniciativas_legislatura=XII&_iniciativas_id=121/000020
22/5/2018,Presupuestos Generales del Estado," Disposiciones adicionales, transitorias, derogatorias y finales   ","Rivera de la Cruz, Marta María",GCs,No,81,258,8,3,https://www.congreso.es/es/busqueda-de-iniciativas?p_p_id=iniciativas&p_p_lifecycle=0&p_p_state=normal&p_p_mode=view&_iniciativas_mode=mostrarDetalle&_iniciativas_legislatura=XII&_iniciativas_id=121/000020
22/5/2018,Presupuestos Generales del Estado," Disposiciones adicionales, transitorias, derogatorias y finales   ","García Mira, Ricardo Antonio",GS,No,81,258,8,3,https://www.congreso.es/es/busqueda-de-iniciativas?p_p_id=iniciativas&p_p_lifecycle=0&p_p_state=normal&p_p_mode=view&_iniciativas_mode=mostrarDetalle&_iniciativas_legislatura=XII&_iniciativas_id=121/000020
22/5/2018,Presupuestos Generales del Estado," Disposiciones adicionales, transitorias, derogatorias y finales   ","Villegas Pérez, José Manuel",GCs,No,81,258,8,3,https://www.congreso.es/es/busqueda-de-iniciativas?p_p_id=iniciativas&p_p_lifecycle=0&p_p_state=normal&p_p_mode=view&_iniciativas_mode=mostrarDetalle&_iniciativas_legislatura=XII&_iniciativas_id=121/000020
22/5/2018,Presupuestos Generales del Estado," Disposiciones adicionales, transitorias, derogatorias y finales   ","Álvarez Álvarez, Ángeles",GS,No,81,258,8,3,https://www.congreso.es/es/busqueda-de-iniciativas?p_p_id=iniciativas&p_p_lifecycle=0&p_p_state=normal&p_p_mode=view&_iniciativas_mode=mostrarDetalle&_iniciativas_legislatura=XII&_iniciativas_id=121/000020
22/5/2018,Presupuestos Generales del Estado," Disposiciones adicionales, transitorias, derogatorias y finales   ","Viso Diéguez, Miguel Ángel",GP,No,81,258,8,3,https://www.congreso.es/es/busqueda-de-iniciativas?p_p_id=iniciativas&p_p_lifecycle=0&p_p_state=normal&p_p_mode=view&_iniciativas_mode=mostrarDetalle&_iniciativas_legislatura=XII&_iniciativas_id=121/000020
22/5/2018,Presupuestos Generales del Estado," Disposiciones adicionales, transitorias, derogatorias y finales   ","Martín-Toledano Suárez, José Alberto",GP,No,81,258,8,3,https://www.congreso.es/es/busqueda-de-iniciativas?p_p_id=iniciativas&p_p_lifecycle=0&p_p_state=normal&p_p_mode=view&_iniciativas_mode=mostrarDetalle&_iniciativas_legislatura=XII&_iniciativas_id=121/000020
22/5/2018,Presupuestos Generales del Estado," Disposiciones adicionales, transitorias, derogatorias y finales   ","Rajoy Brey, Mariano",GP,No,81,258,8,3,https://www.congreso.es/es/busqueda-de-iniciativas?p_p_id=iniciativas&p_p_lifecycle=0&p_p_state=normal&p_p_mode=view&_iniciativas_mode=mostrarDetalle&_iniciativas_legislatura=XII&_iniciativas_id=121/000020
22/5/2018,Presupuestos Generales del Estado," Disposiciones adicionales, transitorias, derogatorias y finales   ","Roca Mas, Jordi",GP,No,81,258,8,3,https://www.congreso.es/es/busqueda-de-iniciativas?p_p_id=iniciativas&p_p_lifecycle=0&p_p_state=normal&p_p_mode=view&_iniciativas_mode=mostrarDetalle&_iniciativas_legislatura=XII&_iniciativas_id=121/000020
22/5/2018,Presupuestos Generales del Estado," Disposiciones adicionales, transitorias, derogatorias y finales   ","Sicilia Alférez, Felipe Jesús",GS,No,81,258,8,3,https://www.congreso.es/es/busqueda-de-iniciativas?p_p_id=iniciativas&p_p_lifecycle=0&p_p_state=normal&p_p_mode=view&_iniciativas_mode=mostrarDetalle&_iniciativas_legislatura=XII&_iniciativas_id=121/000020
22/5/2018,Presupuestos Generales del Estado," Disposiciones adicionales, transitorias, derogatorias y finales   ","Bonilla Domínguez, María Jesús",GP,No,81,258,8,3,https://www.congreso.es/es/busqueda-de-iniciativas?p_p_id=iniciativas&p_p_lifecycle=0&p_p_state=normal&p_p_mode=view&_iniciativas_mode=mostrarDetalle&_iniciativas_legislatura=XII&_iniciativas_id=121/000020
22/5/2018,Presupuestos Generales del Estado," Disposiciones adicionales, transitorias, derogatorias y finales   ","Molinero Hoyos, Francisco",GP,No,81,258,8,3,https://www.congreso.es/es/busqueda-de-iniciativas?p_p_id=iniciativas&p_p_lifecycle=0&p_p_state=normal&p_p_mode=view&_iniciativas_mode=mostrarDetalle&_iniciativas_legislatura=XII&_iniciativas_id=121/000020
22/5/2018,Presupuestos Generales del Estado," Disposiciones adicionales, transitorias, derogatorias y finales   ","Llorens Torres, José Ignacio",GP,No,81,258,8,3,https://www.congreso.es/es/busqueda-de-iniciativas?p_p_id=iniciativas&p_p_lifecycle=0&p_p_state=normal&p_p_mode=view&_iniciativas_mode=mostrarDetalle&_iniciativas_legislatura=XII&_iniciativas_id=121/000020
22/5/2018,Presupuestos Generales del Estado," Disposiciones adicionales, transitorias, derogatorias y finales   ","González Guinda, María del Carmen",GP,No,81,258,8,3,https://www.congreso.es/es/busqueda-de-iniciativas?p_p_id=iniciativas&p_p_lifecycle=0&p_p_state=normal&p_p_mode=view&_iniciativas_mode=mostrarDetalle&_iniciativas_legislatura=XII&_iniciativas_id=121/000020
22/5/2018,Presupuestos Generales del Estado," Disposiciones adicionales, transitorias, derogatorias y finales   ","Garaulet Rodríguez, Miguel Ángel",GCs,No,81,258,8,3,https://www.congreso.es/es/busqueda-de-iniciativas?p_p_id=iniciativas&p_p_lifecycle=0&p_p_state=normal&p_p_mode=view&_iniciativas_mode=mostrarDetalle&_iniciativas_legislatura=XII&_iniciativas_id=121/000020
22/5/2018,Presupuestos Generales del Estado," Disposiciones adicionales, transitorias, derogatorias y finales   ","Martínez González, José Luis",GCs,No,81,258,8,3,https://www.congreso.es/es/busqueda-de-iniciativas?p_p_id=iniciativas&p_p_lifecycle=0&p_p_state=normal&p_p_mode=view&_iniciativas_mode=mostrarDetalle&_iniciativas_legislatura=XII&_iniciativas_id=121/000020
22/5/2018,Presupuestos Generales del Estado," Disposiciones adicionales, transitorias, derogatorias y finales   ","Gómez Balsera, Marcial",GCs,No,81,258,8,3,https://www.congreso.es/es/busqueda-de-iniciativas?p_p_id=iniciativas&p_p_lifecycle=0&p_p_state=normal&p_p_mode=view&_iniciativas_mode=mostrarDetalle&_iniciativas_legislatura=XII&_iniciativas_id=121/000020
22/5/2018,Presupuestos Generales del Estado," Disposiciones adicionales, transitorias, derogatorias y finales   ","Cano Leal, Francisco Javier",GCs,No,81,258,8,3,https://www.congreso.es/es/busqueda-de-iniciativas?p_p_id=iniciativas&p_p_lifecycle=0&p_p_state=normal&p_p_mode=view&_iniciativas_mode=mostrarDetalle&_iniciativas_legislatura=XII&_iniciativas_id=121/000020
22/5/2018,Presupuestos Generales del Estado," Disposiciones adicionales, transitorias, derogatorias y finales   ","Posada Moreno, Jesús",GP,No,81,258,8,3,https://www.congreso.es/es/busqueda-de-iniciativas?p_p_id=iniciativas&p_p_lifecycle=0&p_p_state=normal&p_p_mode=view&_iniciativas_mode=mostrarDetalle&_iniciativas_legislatura=XII&_iniciativas_id=121/000020
22/5/2018,Presupuestos Generales del Estado," Disposiciones adicionales, transitorias, derogatorias y finales   ","Luena López, César",GS,No,81,258,8,3,https://www.congreso.es/es/busqueda-de-iniciativas?p_p_id=iniciativas&p_p_lifecycle=0&p_p_state=normal&p_p_mode=view&_iniciativas_mode=mostrarDetalle&_iniciativas_legislatura=XII&_iniciativas_id=121/000020
22/5/2018,Presupuestos Generales del Estado," Disposiciones adicionales, transitorias, derogatorias y finales   ","Paniagua Núñez, Miguel Ángel",GP,No,81,258,8,3,https://www.congreso.es/es/busqueda-de-iniciativas?p_p_id=iniciativas&p_p_lifecycle=0&p_p_state=normal&p_p_mode=view&_iniciativas_mode=mostrarDetalle&_iniciativas_legislatura=XII&_iniciativas_id=121/000020
22/5/2018,Presupuestos Generales del Estado," Disposiciones adicionales, transitorias, derogatorias y finales   ","López Álvarez, Patxi",GS,No,81,258,8,3,https://www.congreso.es/es/busqueda-de-iniciativas?p_p_id=iniciativas&p_p_lifecycle=0&p_p_state=normal&p_p_mode=view&_iniciativas_mode=mostrarDetalle&_iniciativas_legislatura=XII&_iniciativas_id=121/000020
22/5/2018,Presupuestos Generales del Estado," Disposiciones adicionales, transitorias, derogatorias y finales   ","Juncal Rodríguez, Juan Manuel",GP,No,81,258,8,3,https://www.congreso.es/es/busqueda-de-iniciativas?p_p_id=iniciativas&p_p_lifecycle=0&p_p_state=normal&p_p_mode=view&_iniciativas_mode=mostrarDetalle&_iniciativas_legislatura=XII&_iniciativas_id=121/000020
22/5/2018,Presupuestos Generales del Estado," Disposiciones adicionales, transitorias, derogatorias y finales   ","Navarro Garzón, Micaela",GS,No,81,258,8,3,https://www.congreso.es/es/busqueda-de-iniciativas?p_p_id=iniciativas&p_p_lifecycle=0&p_p_state=normal&p_p_mode=view&_iniciativas_mode=mostrarDetalle&_iniciativas_legislatura=XII&_iniciativas_id=121/000020
22/5/2018,Presupuestos Generales del Estado," Disposiciones adicionales, transitorias, derogatorias y finales   ","Blanco Garrido, Mª Mar",GP,No,81,258,8,3,https://www.congreso.es/es/busqueda-de-iniciativas?p_p_id=iniciativas&p_p_lifecycle=0&p_p_state=normal&p_p_mode=view&_iniciativas_mode=mostrarDetalle&_iniciativas_legislatura=XII&_iniciativas_id=121/000020
22/5/2018,Presupuestos Generales del Estado," Disposiciones adicionales, transitorias, derogatorias y finales   ","Rojo Noguera, Pilar",GP,No,81,258,8,3,https://www.congreso.es/es/busqueda-de-iniciativas?p_p_id=iniciativas&p_p_lifecycle=0&p_p_state=normal&p_p_mode=view&_iniciativas_mode=mostrarDetalle&_iniciativas_legislatura=XII&_iniciativas_id=121/000020
22/5/2018,Presupuestos Generales del Estado," Disposiciones adicionales, transitorias, derogatorias y finales   ","Cascales Martínez, Loreto",GP,No,81,258,8,3,https://www.congreso.es/es/busqueda-de-iniciativas?p_p_id=iniciativas&p_p_lifecycle=0&p_p_state=normal&p_p_mode=view&_iniciativas_mode=mostrarDetalle&_iniciativas_legislatura=XII&_iniciativas_id=121/000020
22/5/2018,Presupuestos Generales del Estado," Disposiciones adicionales, transitorias, derogatorias y finales   ","Acedo Penco, Pedro",GP,No,81,258,8,3,https://www.congreso.es/es/busqueda-de-iniciativas?p_p_id=iniciativas&p_p_lifecycle=0&p_p_state=normal&p_p_mode=view&_iniciativas_mode=mostrarDetalle&_iniciativas_legislatura=XII&_iniciativas_id=121/000020
22/5/2018,Presupuestos Generales del Estado," Disposiciones adicionales, transitorias, derogatorias y finales   ","Álvarez Palleiro, Félix",GCs,No,81,258,8,3,https://www.congreso.es/es/busqueda-de-iniciativas?p_p_id=iniciativas&p_p_lifecycle=0&p_p_state=normal&p_p_mode=view&_iniciativas_mode=mostrarDetalle&_iniciativas_legislatura=XII&_iniciativas_id=121/000020
22/5/2018,Presupuestos Generales del Estado," Disposiciones adicionales, transitorias, derogatorias y finales   ","Díaz Gómez, Guillermo",GCs,No,81,258,8,3,https://www.congreso.es/es/busqueda-de-iniciativas?p_p_id=iniciativas&p_p_lifecycle=0&p_p_state=normal&p_p_mode=view&_iniciativas_mode=mostrarDetalle&_iniciativas_legislatura=XII&_iniciativas_id=121/000020
22/5/2018,Presupuestos Generales del Estado," Disposiciones adicionales, transitorias, derogatorias y finales   ","Bajo Prieto, María Luz",GP,No,81,258,8,3,https://www.congreso.es/es/busqueda-de-iniciativas?p_p_id=iniciativas&p_p_lifecycle=0&p_p_state=normal&p_p_mode=view&_iniciativas_mode=mostrarDetalle&_iniciativas_legislatura=XII&_iniciativas_id=121/000020
22/5/2018,Presupuestos Generales del Estado," Disposiciones adicionales, transitorias, derogatorias y finales   ","Clemente Giménez, Diego",GCs,No,81,258,8,3,https://www.congreso.es/es/busqueda-de-iniciativas?p_p_id=iniciativas&p_p_lifecycle=0&p_p_state=normal&p_p_mode=view&_iniciativas_mode=mostrarDetalle&_iniciativas_legislatura=XII&_iniciativas_id=121/000020
22/5/2018,Presupuestos Generales del Estado," Disposiciones adicionales, transitorias, derogatorias y finales   ","Heredia Martín, Silvia",GP,No,81,258,8,3,https://www.congreso.es/es/busqueda-de-iniciativas?p_p_id=iniciativas&p_p_lifecycle=0&p_p_state=normal&p_p_mode=view&_iniciativas_mode=mostrarDetalle&_iniciativas_legislatura=XII&_iniciativas_id=121/000020
22/5/2018,Presupuestos Generales del Estado," Disposiciones adicionales, transitorias, derogatorias y finales   ","Carreño Fernández, María Ascensión",GP,No,81,258,8,3,https://www.congreso.es/es/busqueda-de-iniciativas?p_p_id=iniciativas&p_p_lifecycle=0&p_p_state=normal&p_p_mode=view&_iniciativas_mode=mostrarDetalle&_iniciativas_legislatura=XII&_iniciativas_id=121/000020
22/5/2018,Presupuestos Generales del Estado," Disposiciones adicionales, transitorias, derogatorias y finales   ","Saura García, Pedro",GS,No,81,258,8,3,https://www.congreso.es/es/busqueda-de-iniciativas?p_p_id=iniciativas&p_p_lifecycle=0&p_p_state=normal&p_p_mode=view&_iniciativas_mode=mostrarDetalle&_iniciativas_legislatura=XII&_iniciativas_id=121/000020
22/5/2018,Presupuestos Generales del Estado," Disposiciones adicionales, transitorias, derogatorias y finales   ","Millán Salmerón, María Virginia",GCs,No,81,258,8,3,https://www.congreso.es/es/busqueda-de-iniciativas?p_p_id=iniciativas&p_p_lifecycle=0&p_p_state=normal&p_p_mode=view&_iniciativas_mode=mostrarDetalle&_iniciativas_legislatura=XII&_iniciativas_id=121/000020
22/5/2018,Presupuestos Generales del Estado," Disposiciones adicionales, transitorias, derogatorias y finales   ","Marí Bosó, José Vicente",GP,No,81,258,8,3,https://www.congreso.es/es/busqueda-de-iniciativas?p_p_id=iniciativas&p_p_lifecycle=0&p_p_state=normal&p_p_mode=view&_iniciativas_mode=mostrarDetalle&_iniciativas_legislatura=XII&_iniciativas_id=121/000020
22/5/2018,Presupuestos Generales del Estado," Disposiciones adicionales, transitorias, derogatorias y finales   ","Bravo Baena, Juan",GP,No,81,258,8,3,https://www.congreso.es/es/busqueda-de-iniciativas?p_p_id=iniciativas&p_p_lifecycle=0&p_p_state=normal&p_p_mode=view&_iniciativas_mode=mostrarDetalle&_iniciativas_legislatura=XII&_iniciativas_id=121/000020
22/5/2018,Presupuestos Generales del Estado," Disposiciones adicionales, transitorias, derogatorias y finales   ","Gómez García, Rodrigo",GCs,No,81,258,8,3,https://www.congreso.es/es/busqueda-de-iniciativas?p_p_id=iniciativas&p_p_lifecycle=0&p_p_state=normal&p_p_mode=view&_iniciativas_mode=mostrarDetalle&_iniciativas_legislatura=XII&_iniciativas_id=121/000020
22/5/2018,Presupuestos Generales del Estado," Disposiciones adicionales, transitorias, derogatorias y finales   ","Hurtado Zurera, Antonio",GS,No,81,258,8,3,https://www.congreso.es/es/busqueda-de-iniciativas?p_p_id=iniciativas&p_p_lifecycle=0&p_p_state=normal&p_p_mode=view&_iniciativas_mode=mostrarDetalle&_iniciativas_legislatura=XII&_iniciativas_id=121/000020
22/5/2018,Presupuestos Generales del Estado," Disposiciones adicionales, transitorias, derogatorias y finales   ","Ramírez Freire, Saúl",GCs,No,81,258,8,3,https://www.congreso.es/es/busqueda-de-iniciativas?p_p_id=iniciativas&p_p_lifecycle=0&p_p_state=normal&p_p_mode=view&_iniciativas_mode=mostrarDetalle&_iniciativas_legislatura=XII&_iniciativas_id=121/000020
22/5/2018,Presupuestos Generales del Estado," Disposiciones adicionales, transitorias, derogatorias y finales   ","Echániz Salgado, José Ignacio",GP,No,81,258,8,3,https://www.congreso.es/es/busqueda-de-iniciativas?p_p_id=iniciativas&p_p_lifecycle=0&p_p_state=normal&p_p_mode=view&_iniciativas_mode=mostrarDetalle&_iniciativas_legislatura=XII&_iniciativas_id=121/000020
22/5/2018,Presupuestos Generales del Estado," Disposiciones adicionales, transitorias, derogatorias y finales   ","Pradas Torres, Antonio",GS,No,81,258,8,3,https://www.congreso.es/es/busqueda-de-iniciativas?p_p_id=iniciativas&p_p_lifecycle=0&p_p_state=normal&p_p_mode=view&_iniciativas_mode=mostrarDetalle&_iniciativas_legislatura=XII&_iniciativas_id=121/000020
22/5/2018,Presupuestos Generales del Estado," Disposiciones adicionales, transitorias, derogatorias y finales   ","Martínez Oblanca, Isidro Manuel",GMx,No,81,258,8,3,https://www.congreso.es/es/busqueda-de-iniciativas?p_p_id=iniciativas&p_p_lifecycle=0&p_p_state=normal&p_p_mode=view&_iniciativas_mode=mostrarDetalle&_iniciativas_legislatura=XII&_iniciativas_id=121/000020
22/5/2018,Presupuestos Generales del Estado," Disposiciones adicionales, transitorias, derogatorias y finales   ","Olano Vela, Jaime Eduardo de",GP,No,81,258,8,3,https://www.congreso.es/es/busqueda-de-iniciativas?p_p_id=iniciativas&p_p_lifecycle=0&p_p_state=normal&p_p_mode=view&_iniciativas_mode=mostrarDetalle&_iniciativas_legislatura=XII&_iniciativas_id=121/000020
22/5/2018,Presupuestos Generales del Estado," Disposiciones adicionales, transitorias, derogatorias y finales   ","Rodríguez Ramos, María Soraya",GS,No,81,258,8,3,https://www.congreso.es/es/busqueda-de-iniciativas?p_p_id=iniciativas&p_p_lifecycle=0&p_p_state=normal&p_p_mode=view&_iniciativas_mode=mostrarDetalle&_iniciativas_legislatura=XII&_iniciativas_id=121/000020
22/5/2018,Presupuestos Generales del Estado," Disposiciones adicionales, transitorias, derogatorias y finales   ","Muñoz González, Pedro José",GS,No,81,258,8,3,https://www.congreso.es/es/busqueda-de-iniciativas?p_p_id=iniciativas&p_p_lifecycle=0&p_p_state=normal&p_p_mode=view&_iniciativas_mode=mostrarDetalle&_iniciativas_legislatura=XII&_iniciativas_id=121/000020
22/5/2018,Presupuestos Generales del Estado," Disposiciones adicionales, transitorias, derogatorias y finales   ","Camps Devesa, Gerardo",GP,No,81,258,8,3,https://www.congreso.es/es/busqueda-de-iniciativas?p_p_id=iniciativas&p_p_lifecycle=0&p_p_state=normal&p_p_mode=view&_iniciativas_mode=mostrarDetalle&_iniciativas_legislatura=XII&_iniciativas_id=121/000020
22/5/2018,Presupuestos Generales del Estado," Disposiciones adicionales, transitorias, derogatorias y finales   ","Gordo Pérez, Juan Luis",GS,No,81,258,8,3,https://www.congreso.es/es/busqueda-de-iniciativas?p_p_id=iniciativas&p_p_lifecycle=0&p_p_state=normal&p_p_mode=view&_iniciativas_mode=mostrarDetalle&_iniciativas_legislatura=XII&_iniciativas_id=121/000020
22/5/2018,Presupuestos Generales del Estado," Disposiciones adicionales, transitorias, derogatorias y finales   ","Torres Mora, José Andrés",GS,No,81,258,8,3,https://www.congreso.es/es/busqueda-de-iniciativas?p_p_id=iniciativas&p_p_lifecycle=0&p_p_state=normal&p_p_mode=view&_iniciativas_mode=mostrarDetalle&_iniciativas_legislatura=XII&_iniciativas_id=121/000020
22/5/2018,Presupuestos Generales del Estado," Disposiciones adicionales, transitorias, derogatorias y finales   ","Franquis Vera, Sebastián",GS,No,81,258,8,3,https://www.congreso.es/es/busqueda-de-iniciativas?p_p_id=iniciativas&p_p_lifecycle=0&p_p_state=normal&p_p_mode=view&_iniciativas_mode=mostrarDetalle&_iniciativas_legislatura=XII&_iniciativas_id=121/000020
22/5/2018,Presupuestos Generales del Estado," Disposiciones adicionales, transitorias, derogatorias y finales   ","Clavell López, Óscar",GP,No,81,258,8,3,https://www.congreso.es/es/busqueda-de-iniciativas?p_p_id=iniciativas&p_p_lifecycle=0&p_p_state=normal&p_p_mode=view&_iniciativas_mode=mostrarDetalle&_iniciativas_legislatura=XII&_iniciativas_id=121/000020
22/5/2018,Presupuestos Generales del Estado," Disposiciones adicionales, transitorias, derogatorias y finales   ","Meijón Couselo, Guillermo Antonio",GS,No,81,258,8,3,https://www.congreso.es/es/busqueda-de-iniciativas?p_p_id=iniciativas&p_p_lifecycle=0&p_p_state=normal&p_p_mode=view&_iniciativas_mode=mostrarDetalle&_iniciativas_legislatura=XII&_iniciativas_id=121/000020
22/5/2018,Presupuestos Generales del Estado," Disposiciones adicionales, transitorias, derogatorias y finales   ","Martínez Saiz, Teófila",GP,No,81,258,8,3,https://www.congreso.es/es/busqueda-de-iniciativas?p_p_id=iniciativas&p_p_lifecycle=0&p_p_state=normal&p_p_mode=view&_iniciativas_mode=mostrarDetalle&_iniciativas_legislatura=XII&_iniciativas_id=121/000020
22/5/2018,Presupuestos Generales del Estado," Disposiciones adicionales, transitorias, derogatorias y finales   ","García-Pelayo Jurado, María José",GP,No,81,258,8,3,https://www.congreso.es/es/busqueda-de-iniciativas?p_p_id=iniciativas&p_p_lifecycle=0&p_p_state=normal&p_p_mode=view&_iniciativas_mode=mostrarDetalle&_iniciativas_legislatura=XII&_iniciativas_id=121/000020
22/5/2018,Presupuestos Generales del Estado," Disposiciones adicionales, transitorias, derogatorias y finales   ","González Veracruz, María",GS,No,81,258,8,3,https://www.congreso.es/es/busqueda-de-iniciativas?p_p_id=iniciativas&p_p_lifecycle=0&p_p_state=normal&p_p_mode=view&_iniciativas_mode=mostrarDetalle&_iniciativas_legislatura=XII&_iniciativas_id=121/000020
22/5/2018,Presupuestos Generales del Estado," Disposiciones adicionales, transitorias, derogatorias y finales   ","Catalá Polo, Rafael",GP,No,81,258,8,3,https://www.congreso.es/es/busqueda-de-iniciativas?p_p_id=iniciativas&p_p_lifecycle=0&p_p_state=normal&p_p_mode=view&_iniciativas_mode=mostrarDetalle&_iniciativas_legislatura=XII&_iniciativas_id=121/000020
22/5/2018,Presupuestos Generales del Estado," Disposiciones adicionales, transitorias, derogatorias y finales   ","Serrada Pariente, David",GS,No,81,258,8,3,https://www.congreso.es/es/busqueda-de-iniciativas?p_p_id=iniciativas&p_p_lifecycle=0&p_p_state=normal&p_p_mode=view&_iniciativas_mode=mostrarDetalle&_iniciativas_legislatura=XII&_iniciativas_id=121/000020
22/5/2018,Presupuestos Generales del Estado," Disposiciones adicionales, transitorias, derogatorias y finales   ","Fernández Díaz, Jorge",GP,No,81,258,8,3,https://www.congreso.es/es/busqueda-de-iniciativas?p_p_id=iniciativas&p_p_lifecycle=0&p_p_state=normal&p_p_mode=view&_iniciativas_mode=mostrarDetalle&_iniciativas_legislatura=XII&_iniciativas_id=121/000020
22/5/2018,Presupuestos Generales del Estado," Disposiciones adicionales, transitorias, derogatorias y finales   ","González Terol, Antonio",GP,No,81,258,8,3,https://www.congreso.es/es/busqueda-de-iniciativas?p_p_id=iniciativas&p_p_lifecycle=0&p_p_state=normal&p_p_mode=view&_iniciativas_mode=mostrarDetalle&_iniciativas_legislatura=XII&_iniciativas_id=121/000020
22/5/2018,Presupuestos Generales del Estado," Disposiciones adicionales, transitorias, derogatorias y finales   ","Ábalos Meco, José Luis",GS,No,81,258,8,3,https://www.congreso.es/es/busqueda-de-iniciativas?p_p_id=iniciativas&p_p_lifecycle=0&p_p_state=normal&p_p_mode=view&_iniciativas_mode=mostrarDetalle&_iniciativas_legislatura=XII&_iniciativas_id=121/000020
22/5/2018,Presupuestos Generales del Estado," Disposiciones adicionales, transitorias, derogatorias y finales   ","Gutiérrez Limones, Antonio",GS,No,81,258,8,3,https://www.congreso.es/es/busqueda-de-iniciativas?p_p_id=iniciativas&p_p_lifecycle=0&p_p_state=normal&p_p_mode=view&_iniciativas_mode=mostrarDetalle&_iniciativas_legislatura=XII&_iniciativas_id=121/000020
22/5/2018,Presupuestos Generales del Estado," Disposiciones adicionales, transitorias, derogatorias y finales   ","Bellido Acevedo, Pablo",GS,No,81,258,8,3,https://www.congreso.es/es/busqueda-de-iniciativas?p_p_id=iniciativas&p_p_lifecycle=0&p_p_state=normal&p_p_mode=view&_iniciativas_mode=mostrarDetalle&_iniciativas_legislatura=XII&_iniciativas_id=121/000020
22/5/2018,Presupuestos Generales del Estado," Disposiciones adicionales, transitorias, derogatorias y finales   ","Pérez Domínguez, María Soledad",GS,No,81,258,8,3,https://www.congreso.es/es/busqueda-de-iniciativas?p_p_id=iniciativas&p_p_lifecycle=0&p_p_state=normal&p_p_mode=view&_iniciativas_mode=mostrarDetalle&_iniciativas_legislatura=XII&_iniciativas_id=121/000020
22/5/2018,Presupuestos Generales del Estado," Disposiciones adicionales, transitorias, derogatorias y finales   ","Lucio Carrasco, María Pilar",GS,No,81,258,8,3,https://www.congreso.es/es/busqueda-de-iniciativas?p_p_id=iniciativas&p_p_lifecycle=0&p_p_state=normal&p_p_mode=view&_iniciativas_mode=mostrarDetalle&_iniciativas_legislatura=XII&_iniciativas_id=121/000020
22/5/2018,Presupuestos Generales del Estado," Disposiciones adicionales, transitorias, derogatorias y finales   ","Ramón Utrabo, Elvira",GS,No,81,258,8,3,https://www.congreso.es/es/busqueda-de-iniciativas?p_p_id=iniciativas&p_p_lifecycle=0&p_p_state=normal&p_p_mode=view&_iniciativas_mode=mostrarDetalle&_iniciativas_legislatura=XII&_iniciativas_id=121/000020
22/5/2018,Presupuestos Generales del Estado," Disposiciones adicionales, transitorias, derogatorias y finales   ","García-Margallo y Marfil, José Manuel",GP,No,81,258,8,3,https://www.congreso.es/es/busqueda-de-iniciativas?p_p_id=iniciativas&p_p_lifecycle=0&p_p_state=normal&p_p_mode=view&_iniciativas_mode=mostrarDetalle&_iniciativas_legislatura=XII&_iniciativas_id=121/000020
22/5/2018,Presupuestos Generales del Estado," Disposiciones adicionales, transitorias, derogatorias y finales   ","Rominguera Salazar, María del Mar",GS,No,81,258,8,3,https://www.congreso.es/es/busqueda-de-iniciativas?p_p_id=iniciativas&p_p_lifecycle=0&p_p_state=normal&p_p_mode=view&_iniciativas_mode=mostrarDetalle&_iniciativas_legislatura=XII&_iniciativas_id=121/000020
22/5/2018,Presupuestos Generales del Estado," Disposiciones adicionales, transitorias, derogatorias y finales   ","Herrero Bono, José Alberto",GP,No,81,258,8,3,https://www.congreso.es/es/busqueda-de-iniciativas?p_p_id=iniciativas&p_p_lifecycle=0&p_p_state=normal&p_p_mode=view&_iniciativas_mode=mostrarDetalle&_iniciativas_legislatura=XII&_iniciativas_id=121/000020
22/5/2018,Presupuestos Generales del Estado," Disposiciones adicionales, transitorias, derogatorias y finales   ","Navarro Lacoba, Carmen",GP,No,81,258,8,3,https://www.congreso.es/es/busqueda-de-iniciativas?p_p_id=iniciativas&p_p_lifecycle=0&p_p_state=normal&p_p_mode=view&_iniciativas_mode=mostrarDetalle&_iniciativas_legislatura=XII&_iniciativas_id=121/000020
22/5/2018,Presupuestos Generales del Estado," Disposiciones adicionales, transitorias, derogatorias y finales   ","González Bayo, Josefa Inmaculada",GS,No,81,258,8,3,https://www.congreso.es/es/busqueda-de-iniciativas?p_p_id=iniciativas&p_p_lifecycle=0&p_p_state=normal&p_p_mode=view&_iniciativas_mode=mostrarDetalle&_iniciativas_legislatura=XII&_iniciativas_id=121/000020
22/5/2018,Presupuestos Generales del Estado," Disposiciones adicionales, transitorias, derogatorias y finales   ","Serrano Jiménez, María Jesús",GS,No,81,258,8,3,https://www.congreso.es/es/busqueda-de-iniciativas?p_p_id=iniciativas&p_p_lifecycle=0&p_p_state=normal&p_p_mode=view&_iniciativas_mode=mostrarDetalle&_iniciativas_legislatura=XII&_iniciativas_id=121/000020
22/5/2018,Presupuestos Generales del Estado," Disposiciones adicionales, transitorias, derogatorias y finales   ","Cuello Pérez, Carmen Rocío",GS,No,81,258,8,3,https://www.congreso.es/es/busqueda-de-iniciativas?p_p_id=iniciativas&p_p_lifecycle=0&p_p_state=normal&p_p_mode=view&_iniciativas_mode=mostrarDetalle&_iniciativas_legislatura=XII&_iniciativas_id=121/000020
22/5/2018,Presupuestos Generales del Estado," Disposiciones adicionales, transitorias, derogatorias y finales   ","Sánchez Amor, José Ignacio",GS,No,81,258,8,3,https://www.congreso.es/es/busqueda-de-iniciativas?p_p_id=iniciativas&p_p_lifecycle=0&p_p_state=normal&p_p_mode=view&_iniciativas_mode=mostrarDetalle&_iniciativas_legislatura=XII&_iniciativas_id=121/000020
22/5/2018,Presupuestos Generales del Estado," Disposiciones adicionales, transitorias, derogatorias y finales   ","Antón Cacho, Javier",GS,No,81,258,8,3,https://www.congreso.es/es/busqueda-de-iniciativas?p_p_id=iniciativas&p_p_lifecycle=0&p_p_state=normal&p_p_mode=view&_iniciativas_mode=mostrarDetalle&_iniciativas_legislatura=XII&_iniciativas_id=121/000020
22/5/2018,Presupuestos Generales del Estado," Disposiciones adicionales, transitorias, derogatorias y finales   ","Ferrer Tesoro, Sonia",GS,No,81,258,8,3,https://www.congreso.es/es/busqueda-de-iniciativas?p_p_id=iniciativas&p_p_lifecycle=0&p_p_state=normal&p_p_mode=view&_iniciativas_mode=mostrarDetalle&_iniciativas_legislatura=XII&_iniciativas_id=121/000020
22/5/2018,Presupuestos Generales del Estado," Disposiciones adicionales, transitorias, derogatorias y finales   ","Montoro Romero, Cristóbal Ricardo",GP,No,81,258,8,3,https://www.congreso.es/es/busqueda-de-iniciativas?p_p_id=iniciativas&p_p_lifecycle=0&p_p_state=normal&p_p_mode=view&_iniciativas_mode=mostrarDetalle&_iniciativas_legislatura=XII&_iniciativas_id=121/000020
22/5/2018,Presupuestos Generales del Estado," Disposiciones adicionales, transitorias, derogatorias y finales   ","Alós López, Ana Isabel",GP,No,81,258,8,3,https://www.congreso.es/es/busqueda-de-iniciativas?p_p_id=iniciativas&p_p_lifecycle=0&p_p_state=normal&p_p_mode=view&_iniciativas_mode=mostrarDetalle&_iniciativas_legislatura=XII&_iniciativas_id=121/000020
22/5/2018,Presupuestos Generales del Estado," Disposiciones adicionales, transitorias, derogatorias y finales   ","Ten Oliver, Vicente",GCs,No,81,258,8,3,https://www.congreso.es/es/busqueda-de-iniciativas?p_p_id=iniciativas&p_p_lifecycle=0&p_p_state=normal&p_p_mode=view&_iniciativas_mode=mostrarDetalle&_iniciativas_legislatura=XII&_iniciativas_id=121/000020
22/5/2018,Presupuestos Generales del Estado," Disposiciones adicionales, transitorias, derogatorias y finales   ","Elorza González, Odón",GS,No,81,258,8,3,https://www.congreso.es/es/busqueda-de-iniciativas?p_p_id=iniciativas&p_p_lifecycle=0&p_p_state=normal&p_p_mode=view&_iniciativas_mode=mostrarDetalle&_iniciativas_legislatura=XII&_iniciativas_id=121/000020
22/5/2018,Presupuestos Generales del Estado," Disposiciones adicionales, transitorias, derogatorias y finales   ","Barrachina Ros, Miguel",GP,No,81,258,8,3,https://www.congreso.es/es/busqueda-de-iniciativas?p_p_id=iniciativas&p_p_lifecycle=0&p_p_state=normal&p_p_mode=view&_iniciativas_mode=mostrarDetalle&_iniciativas_legislatura=XII&_iniciativas_id=121/000020
22/5/2018,Presupuestos Generales del Estado," Disposiciones adicionales, transitorias, derogatorias y finales   ","Vera Pró, Juan Carlos",GP,No,81,258,8,3,https://www.congreso.es/es/busqueda-de-iniciativas?p_p_id=iniciativas&p_p_lifecycle=0&p_p_state=normal&p_p_mode=view&_iniciativas_mode=mostrarDetalle&_iniciativas_legislatura=XII&_iniciativas_id=121/000020
22/5/2018,Presupuestos Generales del Estado," Disposiciones adicionales, transitorias, derogatorias y finales   ","González Muñoz, Ángel Luis",GP,No,81,258,8,3,https://www.congreso.es/es/busqueda-de-iniciativas?p_p_id=iniciativas&p_p_lifecycle=0&p_p_state=normal&p_p_mode=view&_iniciativas_mode=mostrarDetalle&_iniciativas_legislatura=XII&_iniciativas_id=121/000020
22/5/2018,Presupuestos Generales del Estado," Disposiciones adicionales, transitorias, derogatorias y finales   ","Maura Barandiarán, Fernando",GCs,No,81,258,8,3,https://www.congreso.es/es/busqueda-de-iniciativas?p_p_id=iniciativas&p_p_lifecycle=0&p_p_state=normal&p_p_mode=view&_iniciativas_mode=mostrarDetalle&_iniciativas_legislatura=XII&_iniciativas_id=121/000020
22/5/2018,Presupuestos Generales del Estado," Disposiciones adicionales, transitorias, derogatorias y finales   ","Hoyo Juliá, Belén",GP,No,81,258,8,3,https://www.congreso.es/es/busqueda-de-iniciativas?p_p_id=iniciativas&p_p_lifecycle=0&p_p_state=normal&p_p_mode=view&_iniciativas_mode=mostrarDetalle&_iniciativas_legislatura=XII&_iniciativas_id=121/000020
22/5/2018,Presupuestos Generales del Estado," Disposiciones adicionales, transitorias, derogatorias y finales   ","Alli Martínez, Íñigo Jesús",GMx,No,81,258,8,3,https://www.congreso.es/es/busqueda-de-iniciativas?p_p_id=iniciativas&p_p_lifecycle=0&p_p_state=normal&p_p_mode=view&_iniciativas_mode=mostrarDetalle&_iniciativas_legislatura=XII&_iniciativas_id=121/000020
22/5/2018,Presupuestos Generales del Estado," Disposiciones adicionales, transitorias, derogatorias y finales   ","Tarno Blanco, Ricardo",GP,No,81,258,8,3,https://www.congreso.es/es/busqueda-de-iniciativas?p_p_id=iniciativas&p_p_lifecycle=0&p_p_state=normal&p_p_mode=view&_iniciativas_mode=mostrarDetalle&_iniciativas_legislatura=XII&_iniciativas_id=121/000020
22/5/2018,Presupuestos Generales del Estado," Disposiciones adicionales, transitorias, derogatorias y finales   ","Moreno Bustos, Ramón",GP,No,81,258,8,3,https://www.congreso.es/es/busqueda-de-iniciativas?p_p_id=iniciativas&p_p_lifecycle=0&p_p_state=normal&p_p_mode=view&_iniciativas_mode=mostrarDetalle&_iniciativas_legislatura=XII&_iniciativas_id=121/000020
22/5/2018,Presupuestos Generales del Estado," Disposiciones adicionales, transitorias, derogatorias y finales   ","Zoido Álvarez, Juan Ignacio",GP,No,81,258,8,3,https://www.congreso.es/es/busqueda-de-iniciativas?p_p_id=iniciativas&p_p_lifecycle=0&p_p_state=normal&p_p_mode=view&_iniciativas_mode=mostrarDetalle&_iniciativas_legislatura=XII&_iniciativas_id=121/000020
22/5/2018,Presupuestos Generales del Estado," Disposiciones adicionales, transitorias, derogatorias y finales   ","Madrazo Díaz, Ana María",GP,No,81,258,8,3,https://www.congreso.es/es/busqueda-de-iniciativas?p_p_id=iniciativas&p_p_lifecycle=0&p_p_state=normal&p_p_mode=view&_iniciativas_mode=mostrarDetalle&_iniciativas_legislatura=XII&_iniciativas_id=121/000020
22/5/2018,Presupuestos Generales del Estado," Disposiciones adicionales, transitorias, derogatorias y finales   ","Dueñas Martínez, María del Carmen",GP,No,81,258,8,3,https://www.congreso.es/es/busqueda-de-iniciativas?p_p_id=iniciativas&p_p_lifecycle=0&p_p_state=normal&p_p_mode=view&_iniciativas_mode=mostrarDetalle&_iniciativas_legislatura=XII&_iniciativas_id=121/000020
22/5/2018,Presupuestos Generales del Estado," Disposiciones adicionales, transitorias, derogatorias y finales   ","Palmer Tous, Teresa",GP,No,81,258,8,3,https://www.congreso.es/es/busqueda-de-iniciativas?p_p_id=iniciativas&p_p_lifecycle=0&p_p_state=normal&p_p_mode=view&_iniciativas_mode=mostrarDetalle&_iniciativas_legislatura=XII&_iniciativas_id=121/000020
22/5/2018,Presupuestos Generales del Estado," Disposiciones adicionales, transitorias, derogatorias y finales   ","Reynés Calvache, Águeda",GP,No,81,258,8,3,https://www.congreso.es/es/busqueda-de-iniciativas?p_p_id=iniciativas&p_p_lifecycle=0&p_p_state=normal&p_p_mode=view&_iniciativas_mode=mostrarDetalle&_iniciativas_legislatura=XII&_iniciativas_id=121/000020
22/5/2018,Presupuestos Generales del Estado," Disposiciones adicionales, transitorias, derogatorias y finales   ","Barandiaran Benito, Íñigo",GV (EAJ-PNV),No,81,258,8,3,https://www.congreso.es/es/busqueda-de-iniciativas?p_p_id=iniciativas&p_p_lifecycle=0&p_p_state=normal&p_p_mode=view&_iniciativas_mode=mostrarDetalle&_iniciativas_legislatura=XII&_iniciativas_id=121/000020
22/5/2018,Presupuestos Generales del Estado," Disposiciones adicionales, transitorias, derogatorias y finales   ","Legarda Uriarte, Mikel",GV (EAJ-PNV),No,81,258,8,3,https://www.congreso.es/es/busqueda-de-iniciativas?p_p_id=iniciativas&p_p_lifecycle=0&p_p_state=normal&p_p_mode=view&_iniciativas_mode=mostrarDetalle&_iniciativas_legislatura=XII&_iniciativas_id=121/000020
22/5/2018,Presupuestos Generales del Estado," Disposiciones adicionales, transitorias, derogatorias y finales   ","Agirretxea Urresti, Joseba Andoni",GV (EAJ-PNV),No,81,258,8,3,https://www.congreso.es/es/busqueda-de-iniciativas?p_p_id=iniciativas&p_p_lifecycle=0&p_p_state=normal&p_p_mode=view&_iniciativas_mode=mostrarDetalle&_iniciativas_legislatura=XII&_iniciativas_id=121/000020
22/5/2018,Presupuestos Generales del Estado," Disposiciones adicionales, transitorias, derogatorias y finales   ","López Ares, Susana",GP,No,81,258,8,3,https://www.congreso.es/es/busqueda-de-iniciativas?p_p_id=iniciativas&p_p_lifecycle=0&p_p_state=normal&p_p_mode=view&_iniciativas_mode=mostrarDetalle&_iniciativas_legislatura=XII&_iniciativas_id=121/000020
22/5/2018,Presupuestos Generales del Estado," Disposiciones adicionales, transitorias, derogatorias y finales   ","Esteban Bravo, Aitor",GV (EAJ-PNV),No,81,258,8,3,https://www.congreso.es/es/busqueda-de-iniciativas?p_p_id=iniciativas&p_p_lifecycle=0&p_p_state=normal&p_p_mode=view&_iniciativas_mode=mostrarDetalle&_iniciativas_legislatura=XII&_iniciativas_id=121/000020
22/5/2018,Presupuestos Generales del Estado," Disposiciones adicionales, transitorias, derogatorias y finales   ","Botella Gómez, Ana María",GS,No,81,258,8,3,https://www.congreso.es/es/busqueda-de-iniciativas?p_p_id=iniciativas&p_p_lifecycle=0&p_p_state=normal&p_p_mode=view&_iniciativas_mode=mostrarDetalle&_iniciativas_legislatura=XII&_iniciativas_id=121/000020
22/5/2018,Presupuestos Generales del Estado," Disposiciones adicionales, transitorias, derogatorias y finales   ","González Ramos, Manuel Gabriel",GS,No,81,258,8,3,https://www.congreso.es/es/busqueda-de-iniciativas?p_p_id=iniciativas&p_p_lifecycle=0&p_p_state=normal&p_p_mode=view&_iniciativas_mode=mostrarDetalle&_iniciativas_legislatura=XII&_iniciativas_id=121/000020
22/5/2018,Presupuestos Generales del Estado," Disposiciones adicionales, transitorias, derogatorias y finales   ","Fernández Díaz, Jesús María",GS,No,81,258,8,3,https://www.congreso.es/es/busqueda-de-iniciativas?p_p_id=iniciativas&p_p_lifecycle=0&p_p_state=normal&p_p_mode=view&_iniciativas_mode=mostrarDetalle&_iniciativas_legislatura=XII&_iniciativas_id=121/000020
22/5/2018,Presupuestos Generales del Estado," Disposiciones adicionales, transitorias, derogatorias y finales   ","Rivera Andrés, Irene",GCs,No,81,258,8,3,https://www.congreso.es/es/busqueda-de-iniciativas?p_p_id=iniciativas&p_p_lifecycle=0&p_p_state=normal&p_p_mode=view&_iniciativas_mode=mostrarDetalle&_iniciativas_legislatura=XII&_iniciativas_id=121/000020
22/5/2018,Presupuestos Generales del Estado," Disposiciones adicionales, transitorias, derogatorias y finales   ","Batet Lamaña, Meritxell",GS,No,81,258,8,3,https://www.congreso.es/es/busqueda-de-iniciativas?p_p_id=iniciativas&p_p_lifecycle=0&p_p_state=normal&p_p_mode=view&_iniciativas_mode=mostrarDetalle&_iniciativas_legislatura=XII&_iniciativas_id=121/000020
22/5/2018,Presupuestos Generales del Estado," Disposiciones adicionales, transitorias, derogatorias y finales   ","Perea i Conillas, María Mercè",GS,No,81,258,8,3,https://www.congreso.es/es/busqueda-de-iniciativas?p_p_id=iniciativas&p_p_lifecycle=0&p_p_state=normal&p_p_mode=view&_iniciativas_mode=mostrarDetalle&_iniciativas_legislatura=XII&_iniciativas_id=121/000020
22/5/2018,Presupuestos Generales del Estado," Disposiciones adicionales, transitorias, derogatorias y finales   ","Chiquillo Barber, José María",GP,No,81,258,8,3,https://www.congreso.es/es/busqueda-de-iniciativas?p_p_id=iniciativas&p_p_lifecycle=0&p_p_state=normal&p_p_mode=view&_iniciativas_mode=mostrarDetalle&_iniciativas_legislatura=XII&_iniciativas_id=121/000020
22/5/2018,Presupuestos Generales del Estado," Disposiciones adicionales, transitorias, derogatorias y finales   ","Albaladejo Martínez, Joaquín",GP,No,81,258,8,3,https://www.congreso.es/es/busqueda-de-iniciativas?p_p_id=iniciativas&p_p_lifecycle=0&p_p_state=normal&p_p_mode=view&_iniciativas_mode=mostrarDetalle&_iniciativas_legislatura=XII&_iniciativas_id=121/000020
22/5/2018,Presupuestos Generales del Estado," Disposiciones adicionales, transitorias, derogatorias y finales   ","Hernando Vera, Antonio",GS,No,81,258,8,3,https://www.congreso.es/es/busqueda-de-iniciativas?p_p_id=iniciativas&p_p_lifecycle=0&p_p_state=normal&p_p_mode=view&_iniciativas_mode=mostrarDetalle&_iniciativas_legislatura=XII&_iniciativas_id=121/000020
22/5/2018,Presupuestos Generales del Estado," Disposiciones adicionales, transitorias, derogatorias y finales   ","Lamuà Estañol, Marc",GS,No,81,258,8,3,https://www.congreso.es/es/busqueda-de-iniciativas?p_p_id=iniciativas&p_p_lifecycle=0&p_p_state=normal&p_p_mode=view&_iniciativas_mode=mostrarDetalle&_iniciativas_legislatura=XII&_iniciativas_id=121/000020
22/5/2018,Presupuestos Generales del Estado," Disposiciones adicionales, transitorias, derogatorias y finales   ","Ruiz i Carbonell, Joan",GS,No,81,258,8,3,https://www.congreso.es/es/busqueda-de-iniciativas?p_p_id=iniciativas&p_p_lifecycle=0&p_p_state=normal&p_p_mode=view&_iniciativas_mode=mostrarDetalle&_iniciativas_legislatura=XII&_iniciativas_id=121/000020
22/5/2018,Presupuestos Generales del Estado," Disposiciones adicionales, transitorias, derogatorias y finales   ","Cruz Rodríguez, Manuel",GS,No,81,258,8,3,https://www.congreso.es/es/busqueda-de-iniciativas?p_p_id=iniciativas&p_p_lifecycle=0&p_p_state=normal&p_p_mode=view&_iniciativas_mode=mostrarDetalle&_iniciativas_legislatura=XII&_iniciativas_id=121/000020
22/5/2018,Presupuestos Generales del Estado," Disposiciones adicionales, transitorias, derogatorias y finales   ","Zaragoza Alonso, José",GS,No,81,258,8,3,https://www.congreso.es/es/busqueda-de-iniciativas?p_p_id=iniciativas&p_p_lifecycle=0&p_p_state=normal&p_p_mode=view&_iniciativas_mode=mostrarDetalle&_iniciativas_legislatura=XII&_iniciativas_id=121/000020
22/5/2018,Presupuestos Generales del Estado," Disposiciones adicionales, transitorias, derogatorias y finales   ","Guinart Moreno, Lídia",GS,No,81,258,8,3,https://www.congreso.es/es/busqueda-de-iniciativas?p_p_id=iniciativas&p_p_lifecycle=0&p_p_state=normal&p_p_mode=view&_iniciativas_mode=mostrarDetalle&_iniciativas_legislatura=XII&_iniciativas_id=121/000020
22/5/2018,Presupuestos Generales del Estado," Disposiciones adicionales, transitorias, derogatorias y finales   ","Cancela Rodríguez, Pilar",GS,No,81,258,8,3,https://www.congreso.es/es/busqueda-de-iniciativas?p_p_id=iniciativas&p_p_lifecycle=0&p_p_state=normal&p_p_mode=view&_iniciativas_mode=mostrarDetalle&_iniciativas_legislatura=XII&_iniciativas_id=121/000020
22/5/2018,Presupuestos Generales del Estado," Disposiciones adicionales, transitorias, derogatorias y finales   ","Díaz Trillo, José Juan",GS,No,81,258,8,3,https://www.congreso.es/es/busqueda-de-iniciativas?p_p_id=iniciativas&p_p_lifecycle=0&p_p_state=normal&p_p_mode=view&_iniciativas_mode=mostrarDetalle&_iniciativas_legislatura=XII&_iniciativas_id=121/000020
22/5/2018,Presupuestos Generales del Estado," Disposiciones adicionales, transitorias, derogatorias y finales   ","Faba de la Encarnación, Elena",GCs,No,81,258,8,3,https://www.congreso.es/es/busqueda-de-iniciativas?p_p_id=iniciativas&p_p_lifecycle=0&p_p_state=normal&p_p_mode=view&_iniciativas_mode=mostrarDetalle&_iniciativas_legislatura=XII&_iniciativas_id=121/000020
22/5/2018,Presupuestos Generales del Estado," Disposiciones adicionales, transitorias, derogatorias y finales   ","Alconchel Gonzaga, Miriam",GS,No,81,258,8,3,https://www.congreso.es/es/busqueda-de-iniciativas?p_p_id=iniciativas&p_p_lifecycle=0&p_p_state=normal&p_p_mode=view&_iniciativas_mode=mostrarDetalle&_iniciativas_legislatura=XII&_iniciativas_id=121/000020
22/5/2018,Presupuestos Generales del Estado," Disposiciones adicionales, transitorias, derogatorias y finales   ","De Frutos Madrazo, María del Rocío",GS,No,81,258,8,3,https://www.congreso.es/es/busqueda-de-iniciativas?p_p_id=iniciativas&p_p_lifecycle=0&p_p_state=normal&p_p_mode=view&_iniciativas_mode=mostrarDetalle&_iniciativas_legislatura=XII&_iniciativas_id=121/000020
22/5/2018,Presupuestos Generales del Estado," Disposiciones adicionales, transitorias, derogatorias y finales   ","Cámara Villar, Gregorio",GS,No,81,258,8,3,https://www.congreso.es/es/busqueda-de-iniciativas?p_p_id=iniciativas&p_p_lifecycle=0&p_p_state=normal&p_p_mode=view&_iniciativas_mode=mostrarDetalle&_iniciativas_legislatura=XII&_iniciativas_id=121/000020
22/5/2018,Presupuestos Generales del Estado," Disposiciones adicionales, transitorias, derogatorias y finales   ","Romero Hernández, Carmelo",GP,No,81,258,8,3,https://www.congreso.es/es/busqueda-de-iniciativas?p_p_id=iniciativas&p_p_lifecycle=0&p_p_state=normal&p_p_mode=view&_iniciativas_mode=mostrarDetalle&_iniciativas_legislatura=XII&_iniciativas_id=121/000020
22/5/2018,Presupuestos Generales del Estado," Disposiciones adicionales, transitorias, derogatorias y finales   ","García Cañal, José Ramón",GP,No,81,258,8,3,https://www.congreso.es/es/busqueda-de-iniciativas?p_p_id=iniciativas&p_p_lifecycle=0&p_p_state=normal&p_p_mode=view&_iniciativas_mode=mostrarDetalle&_iniciativas_legislatura=XII&_iniciativas_id=121/000020
22/5/2018,Presupuestos Generales del Estado," Disposiciones adicionales, transitorias, derogatorias y finales   ","Martínez Vázquez, Francisco",GP,No,81,258,8,3,https://www.congreso.es/es/busqueda-de-iniciativas?p_p_id=iniciativas&p_p_lifecycle=0&p_p_state=normal&p_p_mode=view&_iniciativas_mode=mostrarDetalle&_iniciativas_legislatura=XII&_iniciativas_id=121/000020
22/5/2018,Presupuestos Generales del Estado," Disposiciones adicionales, transitorias, derogatorias y finales   ","Rallo Lombarte, Artemi",GS,No,81,258,8,3,https://www.congreso.es/es/busqueda-de-iniciativas?p_p_id=iniciativas&p_p_lifecycle=0&p_p_state=normal&p_p_mode=view&_iniciativas_mode=mostrarDetalle&_iniciativas_legislatura=XII&_iniciativas_id=121/000020
22/5/2018,Presupuestos Generales del Estado," Disposiciones adicionales, transitorias, derogatorias y finales   ","Lastra Fernández, Adriana",GS,No,81,258,8,3,https://www.congreso.es/es/busqueda-de-iniciativas?p_p_id=iniciativas&p_p_lifecycle=0&p_p_state=normal&p_p_mode=view&_iniciativas_mode=mostrarDetalle&_iniciativas_legislatura=XII&_iniciativas_id=121/000020
22/5/2018,Presupuestos Generales del Estado," Disposiciones adicionales, transitorias, derogatorias y finales   ","Sáenz de Santamaría Antón, María Soraya",GP,No,81,258,8,3,https://www.congreso.es/es/busqueda-de-iniciativas?p_p_id=iniciativas&p_p_lifecycle=0&p_p_state=normal&p_p_mode=view&_iniciativas_mode=mostrarDetalle&_iniciativas_legislatura=XII&_iniciativas_id=121/000020
22/5/2018,Presupuestos Generales del Estado," Disposiciones adicionales, transitorias, derogatorias y finales   ","Ayllón Manso, José Luis",GP,No,81,258,8,3,https://www.congreso.es/es/busqueda-de-iniciativas?p_p_id=iniciativas&p_p_lifecycle=0&p_p_state=normal&p_p_mode=view&_iniciativas_mode=mostrarDetalle&_iniciativas_legislatura=XII&_iniciativas_id=121/000020
22/5/2018,Presupuestos Generales del Estado," Disposiciones adicionales, transitorias, derogatorias y finales   ","Nadal Belda, Álvaro María",GP,No,81,258,8,3,https://www.congreso.es/es/busqueda-de-iniciativas?p_p_id=iniciativas&p_p_lifecycle=0&p_p_state=normal&p_p_mode=view&_iniciativas_mode=mostrarDetalle&_iniciativas_legislatura=XII&_iniciativas_id=121/000020
22/5/2018,Presupuestos Generales del Estado," Disposiciones adicionales, transitorias, derogatorias y finales   ","Flórez Rodríguez, María Aurora",GS,No,81,258,8,3,https://www.congreso.es/es/busqueda-de-iniciativas?p_p_id=iniciativas&p_p_lifecycle=0&p_p_state=normal&p_p_mode=view&_iniciativas_mode=mostrarDetalle&_iniciativas_legislatura=XII&_iniciativas_id=121/000020
22/5/2018,Presupuestos Generales del Estado," Disposiciones adicionales, transitorias, derogatorias y finales   ","Gamazo Micó, Óscar",GP,No,81,258,8,3,https://www.congreso.es/es/busqueda-de-iniciativas?p_p_id=iniciativas&p_p_lifecycle=0&p_p_state=normal&p_p_mode=view&_iniciativas_mode=mostrarDetalle&_iniciativas_legislatura=XII&_iniciativas_id=121/000020
22/5/2018,Presupuestos Generales del Estado," Disposiciones adicionales, transitorias, derogatorias y finales   ","Cantó García del Moral, Antonio",GCs,No,81,258,8,3,https://www.congreso.es/es/busqueda-de-iniciativas?p_p_id=iniciativas&p_p_lifecycle=0&p_p_state=normal&p_p_mode=view&_iniciativas_mode=mostrarDetalle&_iniciativas_legislatura=XII&_iniciativas_id=121/000020
22/5/2018,Presupuestos Generales del Estado," Disposiciones adicionales, transitorias, derogatorias y finales   ","Del Campo Estaún, Sergio",GCs,No,81,258,8,3,https://www.congreso.es/es/busqueda-de-iniciativas?p_p_id=iniciativas&p_p_lifecycle=0&p_p_state=normal&p_p_mode=view&_iniciativas_mode=mostrarDetalle&_iniciativas_legislatura=XII&_iniciativas_id=121/000020
22/5/2018,Presupuestos Generales del Estado," Disposiciones adicionales, transitorias, derogatorias y finales   ","De Cospedal García, María Dolores",GP,No,81,258,8,3,https://www.congreso.es/es/busqueda-de-iniciativas?p_p_id=iniciativas&p_p_lifecycle=0&p_p_state=normal&p_p_mode=view&_iniciativas_mode=mostrarDetalle&_iniciativas_legislatura=XII&_iniciativas_id=121/000020
22/5/2018,Presupuestos Generales del Estado," Disposiciones adicionales, transitorias, derogatorias y finales   ","Merino López, Rafael",GP,No,81,258,8,3,https://www.congreso.es/es/busqueda-de-iniciativas?p_p_id=iniciativas&p_p_lifecycle=0&p_p_state=normal&p_p_mode=view&_iniciativas_mode=mostrarDetalle&_iniciativas_legislatura=XII&_iniciativas_id=121/000020
22/5/2018,Presupuestos Generales del Estado," Disposiciones adicionales, transitorias, derogatorias y finales   ","Lorenzo Torres, Miguel",GP,No,81,258,8,3,https://www.congreso.es/es/busqueda-de-iniciativas?p_p_id=iniciativas&p_p_lifecycle=0&p_p_state=normal&p_p_mode=view&_iniciativas_mode=mostrarDetalle&_iniciativas_legislatura=XII&_iniciativas_id=121/000020
22/5/2018,Presupuestos Generales del Estado," Disposiciones adicionales, transitorias, derogatorias y finales   ","Angulo Romero, María Teresa",GP,No,81,258,8,3,https://www.congreso.es/es/busqueda-de-iniciativas?p_p_id=iniciativas&p_p_lifecycle=0&p_p_state=normal&p_p_mode=view&_iniciativas_mode=mostrarDetalle&_iniciativas_legislatura=XII&_iniciativas_id=121/000020
22/5/2018,Presupuestos Generales del Estado," Disposiciones adicionales, transitorias, derogatorias y finales   ","Martínez Seijo, María Luz",GS,No,81,258,8,3,https://www.congreso.es/es/busqueda-de-iniciativas?p_p_id=iniciativas&p_p_lifecycle=0&p_p_state=normal&p_p_mode=view&_iniciativas_mode=mostrarDetalle&_iniciativas_legislatura=XII&_iniciativas_id=121/000020
22/5/2018,Presupuestos Generales del Estado," Disposiciones adicionales, transitorias, derogatorias y finales   ","Moraleja Gómez, Tristana María",GP,No,81,258,8,3,https://www.congreso.es/es/busqueda-de-iniciativas?p_p_id=iniciativas&p_p_lifecycle=0&p_p_state=normal&p_p_mode=view&_iniciativas_mode=mostrarDetalle&_iniciativas_legislatura=XII&_iniciativas_id=121/000020
22/5/2018,Presupuestos Generales del Estado," Disposiciones adicionales, transitorias, derogatorias y finales   ","Prendes Prendes, José Ignacio",GCs,No,81,258,8,3,https://www.congreso.es/es/busqueda-de-iniciativas?p_p_id=iniciativas&p_p_lifecycle=0&p_p_state=normal&p_p_mode=view&_iniciativas_mode=mostrarDetalle&_iniciativas_legislatura=XII&_iniciativas_id=121/000020
22/5/2018,Presupuestos Generales del Estado," Disposiciones adicionales, transitorias, derogatorias y finales   ","Peña Camarero, Esther",GS,No,81,258,8,3,https://www.congreso.es/es/busqueda-de-iniciativas?p_p_id=iniciativas&p_p_lifecycle=0&p_p_state=normal&p_p_mode=view&_iniciativas_mode=mostrarDetalle&_iniciativas_legislatura=XII&_iniciativas_id=121/000020
22/5/2018,Presupuestos Generales del Estado," Disposiciones adicionales, transitorias, derogatorias y finales   ","Pons Sampietro, Pere Joan",GS,No,81,258,8,3,https://www.congreso.es/es/busqueda-de-iniciativas?p_p_id=iniciativas&p_p_lifecycle=0&p_p_state=normal&p_p_mode=view&_iniciativas_mode=mostrarDetalle&_iniciativas_legislatura=XII&_iniciativas_id=121/000020
22/5/2018,Presupuestos Generales del Estado," Disposiciones adicionales, transitorias, derogatorias y finales   ","Hernanz Costa, Sofía",GS,No,81,258,8,3,https://www.congreso.es/es/busqueda-de-iniciativas?p_p_id=iniciativas&p_p_lifecycle=0&p_p_state=normal&p_p_mode=view&_iniciativas_mode=mostrarDetalle&_iniciativas_legislatura=XII&_iniciativas_id=121/000020
22/5/2018,Presupuestos Generales del Estado," Disposiciones adicionales, transitorias, derogatorias y finales   ","Rodríguez Hernández, Juana Amalia",GS,No,81,258,8,3,https://www.congreso.es/es/busqueda-de-iniciativas?p_p_id=iniciativas&p_p_lifecycle=0&p_p_state=normal&p_p_mode=view&_iniciativas_mode=mostrarDetalle&_iniciativas_legislatura=XII&_iniciativas_id=121/000020
22/5/2018,Presupuestos Generales del Estado," Disposiciones adicionales, transitorias, derogatorias y finales   ","Rojas García, Carlos",GP,No,81,258,8,3,https://www.congreso.es/es/busqueda-de-iniciativas?p_p_id=iniciativas&p_p_lifecycle=0&p_p_state=normal&p_p_mode=view&_iniciativas_mode=mostrarDetalle&_iniciativas_legislatura=XII&_iniciativas_id=121/000020
22/5/2018,Presupuestos Generales del Estado," Disposiciones adicionales, transitorias, derogatorias y finales   ","Casado Blanco, Pablo",GP,No,81,258,8,3,https://www.congreso.es/es/busqueda-de-iniciativas?p_p_id=iniciativas&p_p_lifecycle=0&p_p_state=normal&p_p_mode=view&_iniciativas_mode=mostrarDetalle&_iniciativas_legislatura=XII&_iniciativas_id=121/000020
22/5/2018,Presupuestos Generales del Estado," Disposiciones adicionales, transitorias, derogatorias y finales   ","Bermúdez de Castro Fernández, José Antonio",GP,No,81,258,8,3,https://www.congreso.es/es/busqueda-de-iniciativas?p_p_id=iniciativas&p_p_lifecycle=0&p_p_state=normal&p_p_mode=view&_iniciativas_mode=mostrarDetalle&_iniciativas_legislatura=XII&_iniciativas_id=121/000020
22/5/2018,Presupuestos Generales del Estado," Disposiciones adicionales, transitorias, derogatorias y finales   ","Sumelzo Jordán, Susana",GS,No,81,258,8,3,https://www.congreso.es/es/busqueda-de-iniciativas?p_p_id=iniciativas&p_p_lifecycle=0&p_p_state=normal&p_p_mode=view&_iniciativas_mode=mostrarDetalle&_iniciativas_legislatura=XII&_iniciativas_id=121/000020
22/5/2018,Presupuestos Generales del Estado," Disposiciones adicionales, transitorias, derogatorias y finales   ","Moneo Díez, María Sandra",GP,No,81,258,8,3,https://www.congreso.es/es/busqueda-de-iniciativas?p_p_id=iniciativas&p_p_lifecycle=0&p_p_state=normal&p_p_mode=view&_iniciativas_mode=mostrarDetalle&_iniciativas_legislatura=XII&_iniciativas_id=121/000020
22/5/2018,Presupuestos Generales del Estado," Disposiciones adicionales, transitorias, derogatorias y finales   ","García Tejerina, Isabel",GP,No,81,258,8,3,https://www.congreso.es/es/busqueda-de-iniciativas?p_p_id=iniciativas&p_p_lifecycle=0&p_p_state=normal&p_p_mode=view&_iniciativas_mode=mostrarDetalle&_iniciativas_legislatura=XII&_iniciativas_id=121/000020
22/5/2018,Presupuestos Generales del Estado," Disposiciones adicionales, transitorias, derogatorias y finales   ","Báñez García, María Fátima",GP,No,81,258,8,3,https://www.congreso.es/es/busqueda-de-iniciativas?p_p_id=iniciativas&p_p_lifecycle=0&p_p_state=normal&p_p_mode=view&_iniciativas_mode=mostrarDetalle&_iniciativas_legislatura=XII&_iniciativas_id=121/000020
22/5/2018,Presupuestos Generales del Estado," Disposiciones adicionales, transitorias, derogatorias y finales   ","Mariscal Anaya, Guillermo",GP,No,81,258,8,3,https://www.congreso.es/es/busqueda-de-iniciativas?p_p_id=iniciativas&p_p_lifecycle=0&p_p_state=normal&p_p_mode=view&_iniciativas_mode=mostrarDetalle&_iniciativas_legislatura=XII&_iniciativas_id=121/000020
22/5/2018,Presupuestos Generales del Estado," Disposiciones adicionales, transitorias, derogatorias y finales   ","Aguirre Rodríguez, Ramón",GP,No,81,258,8,3,https://www.congreso.es/es/busqueda-de-iniciativas?p_p_id=iniciativas&p_p_lifecycle=0&p_p_state=normal&p_p_mode=view&_iniciativas_mode=mostrarDetalle&_iniciativas_legislatura=XII&_iniciativas_id=121/000020
22/5/2018,Presupuestos Generales del Estado," Disposiciones adicionales, transitorias, derogatorias y finales   ","Palacín Guarné, Gonzalo",GS,No,81,258,8,3,https://www.congreso.es/es/busqueda-de-iniciativas?p_p_id=iniciativas&p_p_lifecycle=0&p_p_state=normal&p_p_mode=view&_iniciativas_mode=mostrarDetalle&_iniciativas_legislatura=XII&_iniciativas_id=121/000020
22/5/2018,Presupuestos Generales del Estado," Disposiciones adicionales, transitorias, derogatorias y finales   ","Raya Rodríguez, María Tamara",GS,No,81,258,8,3,https://www.congreso.es/es/busqueda-de-iniciativas?p_p_id=iniciativas&p_p_lifecycle=0&p_p_state=normal&p_p_mode=view&_iniciativas_mode=mostrarDetalle&_iniciativas_legislatura=XII&_iniciativas_id=121/000020
22/5/2018,Presupuestos Generales del Estado," Disposiciones adicionales, transitorias, derogatorias y finales   ","García Díez, Joaquín María",GP,No,81,258,8,3,https://www.congreso.es/es/busqueda-de-iniciativas?p_p_id=iniciativas&p_p_lifecycle=0&p_p_state=normal&p_p_mode=view&_iniciativas_mode=mostrarDetalle&_iniciativas_legislatura=XII&_iniciativas_id=121/000020
22/5/2018,Presupuestos Generales del Estado," Disposiciones adicionales, transitorias, derogatorias y finales   ","Galovart Carrera, María Dolores",GS,No,81,258,8,3,https://www.congreso.es/es/busqueda-de-iniciativas?p_p_id=iniciativas&p_p_lifecycle=0&p_p_state=normal&p_p_mode=view&_iniciativas_mode=mostrarDetalle&_iniciativas_legislatura=XII&_iniciativas_id=121/000020
22/5/2018,Presupuestos Generales del Estado," Disposiciones adicionales, transitorias, derogatorias y finales   ","Jiménez Tortosa, Juan",GS,No,81,258,8,3,https://www.congreso.es/es/busqueda-de-iniciativas?p_p_id=iniciativas&p_p_lifecycle=0&p_p_state=normal&p_p_mode=view&_iniciativas_mode=mostrarDetalle&_iniciativas_legislatura=XII&_iniciativas_id=121/000020
22/5/2018,Presupuestos Generales del Estado," Disposiciones adicionales, transitorias, derogatorias y finales   ","Girauta Vidal, Juan Carlos",GCs,No,81,258,8,3,https://www.congreso.es/es/busqueda-de-iniciativas?p_p_id=iniciativas&p_p_lifecycle=0&p_p_state=normal&p_p_mode=view&_iniciativas_mode=mostrarDetalle&_iniciativas_legislatura=XII&_iniciativas_id=121/000020
22/5/2018,Presupuestos Generales del Estado," Disposiciones adicionales, transitorias, derogatorias y finales   ","Rodríguez Hernández, Melisa",GCs,No,81,258,8,3,https://www.congreso.es/es/busqueda-de-iniciativas?p_p_id=iniciativas&p_p_lifecycle=0&p_p_state=normal&p_p_mode=view&_iniciativas_mode=mostrarDetalle&_iniciativas_legislatura=XII&_iniciativas_id=121/000020
22/5/2018,Presupuestos Generales del Estado," Disposiciones adicionales, transitorias, derogatorias y finales   ","Quevedo Iturbe, Pedro",GMx,No,81,258,8,3,https://www.congreso.es/es/busqueda-de-iniciativas?p_p_id=iniciativas&p_p_lifecycle=0&p_p_state=normal&p_p_mode=view&_iniciativas_mode=mostrarDetalle&_iniciativas_legislatura=XII&_iniciativas_id=121/000020
22/5/2018,Presupuestos Generales del Estado," Disposiciones adicionales, transitorias, derogatorias y finales   ","Císcar Casabán, Ciprià",GS,No,81,258,8,3,https://www.congreso.es/es/busqueda-de-iniciativas?p_p_id=iniciativas&p_p_lifecycle=0&p_p_state=normal&p_p_mode=view&_iniciativas_mode=mostrarDetalle&_iniciativas_legislatura=XII&_iniciativas_id=121/000020
22/5/2018,Presupuestos Generales del Estado," Disposiciones adicionales, transitorias, derogatorias y finales   ","Píriz Maya, Víctor Valentín",GP,No,81,258,8,3,https://www.congreso.es/es/busqueda-de-iniciativas?p_p_id=iniciativas&p_p_lifecycle=0&p_p_state=normal&p_p_mode=view&_iniciativas_mode=mostrarDetalle&_iniciativas_legislatura=XII&_iniciativas_id=121/000020
22/5/2018,Presupuestos Generales del Estado," Disposiciones adicionales, transitorias, derogatorias y finales   ","Cortés Lastra, Ricardo",GS,No,81,258,8,3,https://www.congreso.es/es/busqueda-de-iniciativas?p_p_id=iniciativas&p_p_lifecycle=0&p_p_state=normal&p_p_mode=view&_iniciativas_mode=mostrarDetalle&_iniciativas_legislatura=XII&_iniciativas_id=121/000020
22/5/2018,Presupuestos Generales del Estado," Disposiciones adicionales, transitorias, derogatorias y finales   ","Julià Julià, María Sandra",GCs,No,81,258,8,3,https://www.congreso.es/es/busqueda-de-iniciativas?p_p_id=iniciativas&p_p_lifecycle=0&p_p_state=normal&p_p_mode=view&_iniciativas_mode=mostrarDetalle&_iniciativas_legislatura=XII&_iniciativas_id=121/000020
22/5/2018,Presupuestos Generales del Estado," Disposiciones adicionales, transitorias, derogatorias y finales   ","Maroto Aranzábal, Javier",GP,No,81,258,8,3,https://www.congreso.es/es/busqueda-de-iniciativas?p_p_id=iniciativas&p_p_lifecycle=0&p_p_state=normal&p_p_mode=view&_iniciativas_mode=mostrarDetalle&_iniciativas_legislatura=XII&_iniciativas_id=121/000020
22/5/2018,Presupuestos Generales del Estado," Disposiciones adicionales, transitorias, derogatorias y finales   ","Merchán Mesón, Carlota",GS,No,81,258,8,3,https://www.congreso.es/es/busqueda-de-iniciativas?p_p_id=iniciativas&p_p_lifecycle=0&p_p_state=normal&p_p_mode=view&_iniciativas_mode=mostrarDetalle&_iniciativas_legislatura=XII&_iniciativas_id=121/000020
22/5/2018,Presupuestos Generales del Estado," Disposiciones adicionales, transitorias, derogatorias y finales   ","Fole Díaz, Tomás Javier",GP,No,81,258,8,3,https://www.congreso.es/es/busqueda-de-iniciativas?p_p_id=iniciativas&p_p_lifecycle=0&p_p_state=normal&p_p_mode=view&_iniciativas_mode=mostrarDetalle&_iniciativas_legislatura=XII&_iniciativas_id=121/000020
22/5/2018,Presupuestos Generales del Estado," Disposiciones adicionales, transitorias, derogatorias y finales   ","Calvente Gallego, Javier",GP,No,81,258,8,3,https://www.congreso.es/es/busqueda-de-iniciativas?p_p_id=iniciativas&p_p_lifecycle=0&p_p_state=normal&p_p_mode=view&_iniciativas_mode=mostrarDetalle&_iniciativas_legislatura=XII&_iniciativas_id=121/000020
22/5/2018,Presupuestos Generales del Estado," Disposiciones adicionales, transitorias, derogatorias y finales   ","Alberto Pérez, Celia",GP,No,81,258,8,3,https://www.congreso.es/es/busqueda-de-iniciativas?p_p_id=iniciativas&p_p_lifecycle=0&p_p_state=normal&p_p_mode=view&_iniciativas_mode=mostrarDetalle&_iniciativas_legislatura=XII&_iniciativas_id=121/000020
22/5/2018,Presupuestos Generales del Estado," Disposiciones adicionales, transitorias, derogatorias y finales   ","Navarro Cruz, María del Carmen",GP,No,81,258,8,3,https://www.congreso.es/es/busqueda-de-iniciativas?p_p_id=iniciativas&p_p_lifecycle=0&p_p_state=normal&p_p_mode=view&_iniciativas_mode=mostrarDetalle&_iniciativas_legislatura=XII&_iniciativas_id=121/000020
22/5/2018,Presupuestos Generales del Estado," Disposiciones adicionales, transitorias, derogatorias y finales   ","Alonso Hernández, Raquel",GP,No,81,258,8,3,https://www.congreso.es/es/busqueda-de-iniciativas?p_p_id=iniciativas&p_p_lifecycle=0&p_p_state=normal&p_p_mode=view&_iniciativas_mode=mostrarDetalle&_iniciativas_legislatura=XII&_iniciativas_id=121/000020
22/5/2018,Presupuestos Generales del Estado," Disposiciones adicionales, transitorias, derogatorias y finales   ","Cabezas Regaño, Isabel",GP,No,81,258,8,3,https://www.congreso.es/es/busqueda-de-iniciativas?p_p_id=iniciativas&p_p_lifecycle=0&p_p_state=normal&p_p_mode=view&_iniciativas_mode=mostrarDetalle&_iniciativas_legislatura=XII&_iniciativas_id=121/000020
22/5/2018,Presupuestos Generales del Estado," Disposiciones adicionales, transitorias, derogatorias y finales   ","Ruano García, Javier",GP,No,81,258,8,3,https://www.congreso.es/es/busqueda-de-iniciativas?p_p_id=iniciativas&p_p_lifecycle=0&p_p_state=normal&p_p_mode=view&_iniciativas_mode=mostrarDetalle&_iniciativas_legislatura=XII&_iniciativas_id=121/000020
22/5/2018,Presupuestos Generales del Estado," Disposiciones adicionales, transitorias, derogatorias y finales   ","Sagastizabal Unzetabarrenetxea, Idoia",GV (EAJ-PNV),No,81,258,8,3,https://www.congreso.es/es/busqueda-de-iniciativas?p_p_id=iniciativas&p_p_lifecycle=0&p_p_state=normal&p_p_mode=view&_iniciativas_mode=mostrarDetalle&_iniciativas_legislatura=XII&_iniciativas_id=121/000020
22/5/2018,Presupuestos Generales del Estado," Disposiciones adicionales, transitorias, derogatorias y finales   ","Movellán Lombilla, Diego",GP,No,81,258,8,3,https://www.congreso.es/es/busqueda-de-iniciativas?p_p_id=iniciativas&p_p_lifecycle=0&p_p_state=normal&p_p_mode=view&_iniciativas_mode=mostrarDetalle&_iniciativas_legislatura=XII&_iniciativas_id=121/000020
22/5/2018,Presupuestos Generales del Estado," Disposiciones adicionales, transitorias, derogatorias y finales   ","Torres Tejada, María",GP,No,81,258,8,3,https://www.congreso.es/es/busqueda-de-iniciativas?p_p_id=iniciativas&p_p_lifecycle=0&p_p_state=normal&p_p_mode=view&_iniciativas_mode=mostrarDetalle&_iniciativas_legislatura=XII&_iniciativas_id=121/000020
22/5/2018,Presupuestos Generales del Estado," Disposiciones adicionales, transitorias, derogatorias y finales   ","González Peláez, Natalia",GS,No,81,258,8,3,https://www.congreso.es/es/busqueda-de-iniciativas?p_p_id=iniciativas&p_p_lifecycle=0&p_p_state=normal&p_p_mode=view&_iniciativas_mode=mostrarDetalle&_iniciativas_legislatura=XII&_iniciativas_id=121/000020
22/5/2018,Presupuestos Generales del Estado," Disposiciones adicionales, transitorias, derogatorias y finales   ","Serrano Martínez, José Enrique",GS,No,81,258,8,3,https://www.congreso.es/es/busqueda-de-iniciativas?p_p_id=iniciativas&p_p_lifecycle=0&p_p_state=normal&p_p_mode=view&_iniciativas_mode=mostrarDetalle&_iniciativas_legislatura=XII&_iniciativas_id=121/000020
22/5/2018,Presupuestos Generales del Estado," Disposiciones adicionales, transitorias, derogatorias y finales   ","Marcos Domínguez, Pilar",GP,No,81,258,8,3,https://www.congreso.es/es/busqueda-de-iniciativas?p_p_id=iniciativas&p_p_lifecycle=0&p_p_state=normal&p_p_mode=view&_iniciativas_mode=mostrarDetalle&_iniciativas_legislatura=XII&_iniciativas_id=121/000020
22/5/2018,Presupuestos Generales del Estado," Disposiciones adicionales, transitorias, derogatorias y finales   ","Bolarín Sánchez, María Dolores",GP,No,81,258,8,3,https://www.congreso.es/es/busqueda-de-iniciativas?p_p_id=iniciativas&p_p_lifecycle=0&p_p_state=normal&p_p_mode=view&_iniciativas_mode=mostrarDetalle&_iniciativas_legislatura=XII&_iniciativas_id=121/000020
22/5/2018,Presupuestos Generales del Estado," Disposiciones adicionales, transitorias, derogatorias y finales   ","Campos Arteseros, Herick Manuel",GS,No,81,258,8,3,https://www.congreso.es/es/busqueda-de-iniciativas?p_p_id=iniciativas&p_p_lifecycle=0&p_p_state=normal&p_p_mode=view&_iniciativas_mode=mostrarDetalle&_iniciativas_legislatura=XII&_iniciativas_id=121/000020
22/5/2018,Presupuestos Generales del Estado," Disposiciones adicionales, transitorias, derogatorias y finales   ","Esteller Ruedas, María Ángeles",GP,No,81,258,8,3,https://www.congreso.es/es/busqueda-de-iniciativas?p_p_id=iniciativas&p_p_lifecycle=0&p_p_state=normal&p_p_mode=view&_iniciativas_mode=mostrarDetalle&_iniciativas_legislatura=XII&_iniciativas_id=121/000020
22/5/2018,Presupuestos Generales del Estado," Disposiciones adicionales, transitorias, derogatorias y finales   ","Arévalo Caraballo, María Teresa",GCUP-EC-EM,Sí,81,258,8,3,https://www.congreso.es/es/busqueda-de-iniciativas?p_p_id=iniciativas&p_p_lifecycle=0&p_p_state=normal&p_p_mode=view&_iniciativas_mode=mostrarDetalle&_iniciativas_legislatura=XII&_iniciativas_id=121/000020
22/5/2018,Presupuestos Generales del Estado," Disposiciones adicionales, transitorias, derogatorias y finales   ","Capella i Farré, Ester",GER,Sí,81,258,8,3,https://www.congreso.es/es/busqueda-de-iniciativas?p_p_id=iniciativas&p_p_lifecycle=0&p_p_state=normal&p_p_mode=view&_iniciativas_mode=mostrarDetalle&_iniciativas_legislatura=XII&_iniciativas_id=121/000020
22/5/2018,Presupuestos Generales del Estado," Disposiciones adicionales, transitorias, derogatorias y finales   ","Bustinduy Amador, Pablo",GCUP-EC-EM,Sí,81,258,8,3,https://www.congreso.es/es/busqueda-de-iniciativas?p_p_id=iniciativas&p_p_lifecycle=0&p_p_state=normal&p_p_mode=view&_iniciativas_mode=mostrarDetalle&_iniciativas_legislatura=XII&_iniciativas_id=121/000020
22/5/2018,Presupuestos Generales del Estado," Disposiciones adicionales, transitorias, derogatorias y finales   ","Guijarro García, Txema",GCUP-EC-EM,Sí,81,258,8,3,https://www.congreso.es/es/busqueda-de-iniciativas?p_p_id=iniciativas&p_p_lifecycle=0&p_p_state=normal&p_p_mode=view&_iniciativas_mode=mostrarDetalle&_iniciativas_legislatura=XII&_iniciativas_id=121/000020
22/5/2018,Presupuestos Generales del Estado," Disposiciones adicionales, transitorias, derogatorias y finales   ","Carracedo Verde, José David",GCUP-EC-EM,Sí,81,258,8,3,https://www.congreso.es/es/busqueda-de-iniciativas?p_p_id=iniciativas&p_p_lifecycle=0&p_p_state=normal&p_p_mode=view&_iniciativas_mode=mostrarDetalle&_iniciativas_legislatura=XII&_iniciativas_id=121/000020
22/5/2018,Presupuestos Generales del Estado," Disposiciones adicionales, transitorias, derogatorias y finales   ","Santos Itoiz, Eduardo",GCUP-EC-EM,Sí,81,258,8,3,https://www.congreso.es/es/busqueda-de-iniciativas?p_p_id=iniciativas&p_p_lifecycle=0&p_p_state=normal&p_p_mode=view&_iniciativas_mode=mostrarDetalle&_iniciativas_legislatura=XII&_iniciativas_id=121/000020
22/5/2018,Presupuestos Generales del Estado," Disposiciones adicionales, transitorias, derogatorias y finales   ","De la Concha García-Mauriño, María Asunción Jacoba Pía",GCUP-EC-EM,Sí,81,258,8,3,https://www.congreso.es/es/busqueda-de-iniciativas?p_p_id=iniciativas&p_p_lifecycle=0&p_p_state=normal&p_p_mode=view&_iniciativas_mode=mostrarDetalle&_iniciativas_legislatura=XII&_iniciativas_id=121/000020
22/5/2018,Presupuestos Generales del Estado," Disposiciones adicionales, transitorias, derogatorias y finales   ","González García, Segundo",GCUP-EC-EM,Sí,81,258,8,3,https://www.congreso.es/es/busqueda-de-iniciativas?p_p_id=iniciativas&p_p_lifecycle=0&p_p_state=normal&p_p_mode=view&_iniciativas_mode=mostrarDetalle&_iniciativas_legislatura=XII&_iniciativas_id=121/000020
22/5/2018,Presupuestos Generales del Estado," Disposiciones adicionales, transitorias, derogatorias y finales   ","Rodríguez Rodríguez, Alberto",GCUP-EC-EM,Sí,81,258,8,3,https://www.congreso.es/es/busqueda-de-iniciativas?p_p_id=iniciativas&p_p_lifecycle=0&p_p_state=normal&p_p_mode=view&_iniciativas_mode=mostrarDetalle&_iniciativas_legislatura=XII&_iniciativas_id=121/000020
22/5/2018,Presupuestos Generales del Estado," Disposiciones adicionales, transitorias, derogatorias y finales   ","Carreño Valero, Sara",GCUP-EC-EM,Sí,81,258,8,3,https://www.congreso.es/es/busqueda-de-iniciativas?p_p_id=iniciativas&p_p_lifecycle=0&p_p_state=normal&p_p_mode=view&_iniciativas_mode=mostrarDetalle&_iniciativas_legislatura=XII&_iniciativas_id=121/000020
22/5/2018,Presupuestos Generales del Estado," Disposiciones adicionales, transitorias, derogatorias y finales   ","Eritja Ciuró, Francesc Xavier",GER,Sí,81,258,8,3,https://www.congreso.es/es/busqueda-de-iniciativas?p_p_id=iniciativas&p_p_lifecycle=0&p_p_state=normal&p_p_mode=view&_iniciativas_mode=mostrarDetalle&_iniciativas_legislatura=XII&_iniciativas_id=121/000020
22/5/2018,Presupuestos Generales del Estado," Disposiciones adicionales, transitorias, derogatorias y finales   ","Olòriz Serra, Joan",GER,Sí,81,258,8,3,https://www.congreso.es/es/busqueda-de-iniciativas?p_p_id=iniciativas&p_p_lifecycle=0&p_p_state=normal&p_p_mode=view&_iniciativas_mode=mostrarDetalle&_iniciativas_legislatura=XII&_iniciativas_id=121/000020
22/5/2018,Presupuestos Generales del Estado," Disposiciones adicionales, transitorias, derogatorias y finales   ","Jordà i Roura, Teresa",GER,Sí,81,258,8,3,https://www.congreso.es/es/busqueda-de-iniciativas?p_p_id=iniciativas&p_p_lifecycle=0&p_p_state=normal&p_p_mode=view&_iniciativas_mode=mostrarDetalle&_iniciativas_legislatura=XII&_iniciativas_id=121/000020
22/5/2018,Presupuestos Generales del Estado," Disposiciones adicionales, transitorias, derogatorias y finales   ","Tardà i Coma, Joan",GER,Sí,81,258,8,3,https://www.congreso.es/es/busqueda-de-iniciativas?p_p_id=iniciativas&p_p_lifecycle=0&p_p_state=normal&p_p_mode=view&_iniciativas_mode=mostrarDetalle&_iniciativas_legislatura=XII&_iniciativas_id=121/000020
22/5/2018,Presupuestos Generales del Estado," Disposiciones adicionales, transitorias, derogatorias y finales   ","Rufián Romero, Gabriel",GER,Sí,81,258,8,3,https://www.congreso.es/es/busqueda-de-iniciativas?p_p_id=iniciativas&p_p_lifecycle=0&p_p_state=normal&p_p_mode=view&_iniciativas_mode=mostrarDetalle&_iniciativas_legislatura=XII&_iniciativas_id=121/000020
22/5/2018,Presupuestos Generales del Estado," Disposiciones adicionales, transitorias, derogatorias y finales   ","Capdevila i Esteve, Joan",GER,Sí,81,258,8,3,https://www.congreso.es/es/busqueda-de-iniciativas?p_p_id=iniciativas&p_p_lifecycle=0&p_p_state=normal&p_p_mode=view&_iniciativas_mode=mostrarDetalle&_iniciativas_legislatura=XII&_iniciativas_id=121/000020
22/5/2018,Presupuestos Generales del Estado," Disposiciones adicionales, transitorias, derogatorias y finales   ","Salvador i Duch, Jordi",GER,Sí,81,258,8,3,https://www.congreso.es/es/busqueda-de-iniciativas?p_p_id=iniciativas&p_p_lifecycle=0&p_p_state=normal&p_p_mode=view&_iniciativas_mode=mostrarDetalle&_iniciativas_legislatura=XII&_iniciativas_id=121/000020
22/5/2018,Presupuestos Generales del Estado," Disposiciones adicionales, transitorias, derogatorias y finales   ","Marcello Santos, Ana",GCUP-EC-EM,Sí,81,258,8,3,https://www.congreso.es/es/busqueda-de-iniciativas?p_p_id=iniciativas&p_p_lifecycle=0&p_p_state=normal&p_p_mode=view&_iniciativas_mode=mostrarDetalle&_iniciativas_legislatura=XII&_iniciativas_id=121/000020
22/5/2018,Presupuestos Generales del Estado," Disposiciones adicionales, transitorias, derogatorias y finales   ","Beitialarrangoitia Lizarralde, Marian",GMx,Sí,81,258,8,3,https://www.congreso.es/es/busqueda-de-iniciativas?p_p_id=iniciativas&p_p_lifecycle=0&p_p_state=normal&p_p_mode=view&_iniciativas_mode=mostrarDetalle&_iniciativas_legislatura=XII&_iniciativas_id=121/000020
22/5/2018,Presupuestos Generales del Estado," Disposiciones adicionales, transitorias, derogatorias y finales   ","Matute García de Jalón, Oskar",GMx,Sí,81,258,8,3,https://www.congreso.es/es/busqueda-de-iniciativas?p_p_id=iniciativas&p_p_lifecycle=0&p_p_state=normal&p_p_mode=view&_iniciativas_mode=mostrarDetalle&_iniciativas_legislatura=XII&_iniciativas_id=121/000020
22/5/2018,Presupuestos Generales del Estado," Disposiciones adicionales, transitorias, derogatorias y finales   ","Fernández Bello, Miguel Anxo",GCUP-EC-EM,Sí,81,258,8,3,https://www.congreso.es/es/busqueda-de-iniciativas?p_p_id=iniciativas&p_p_lifecycle=0&p_p_state=normal&p_p_mode=view&_iniciativas_mode=mostrarDetalle&_iniciativas_legislatura=XII&_iniciativas_id=121/000020
22/5/2018,Presupuestos Generales del Estado," Disposiciones adicionales, transitorias, derogatorias y finales   ","Fernández Gómez, Alexandra",GCUP-EC-EM,Sí,81,258,8,3,https://www.congreso.es/es/busqueda-de-iniciativas?p_p_id=iniciativas&p_p_lifecycle=0&p_p_state=normal&p_p_mode=view&_iniciativas_mode=mostrarDetalle&_iniciativas_legislatura=XII&_iniciativas_id=121/000020
22/5/2018,Presupuestos Generales del Estado," Disposiciones adicionales, transitorias, derogatorias y finales   ","Rodríguez Martínez, Ángela",GCUP-EC-EM,Sí,81,258,8,3,https://www.congreso.es/es/busqueda-de-iniciativas?p_p_id=iniciativas&p_p_lifecycle=0&p_p_state=normal&p_p_mode=view&_iniciativas_mode=mostrarDetalle&_iniciativas_legislatura=XII&_iniciativas_id=121/000020
22/5/2018,Presupuestos Generales del Estado," Disposiciones adicionales, transitorias, derogatorias y finales   ","Gómez-Reino Varela, Antonio",GCUP-EC-EM,Sí,81,258,8,3,https://www.congreso.es/es/busqueda-de-iniciativas?p_p_id=iniciativas&p_p_lifecycle=0&p_p_state=normal&p_p_mode=view&_iniciativas_mode=mostrarDetalle&_iniciativas_legislatura=XII&_iniciativas_id=121/000020
22/5/2018,Presupuestos Generales del Estado," Disposiciones adicionales, transitorias, derogatorias y finales   ","Surra Spadea, Ana María",GER,Sí,81,258,8,3,https://www.congreso.es/es/busqueda-de-iniciativas?p_p_id=iniciativas&p_p_lifecycle=0&p_p_state=normal&p_p_mode=view&_iniciativas_mode=mostrarDetalle&_iniciativas_legislatura=XII&_iniciativas_id=121/000020
22/5/2018,Presupuestos Generales del Estado," Disposiciones adicionales, transitorias, derogatorias y finales   ","Ramos Jordán, Alicia",GCUP-EC-EM,Sí,81,258,8,3,https://www.congreso.es/es/busqueda-de-iniciativas?p_p_id=iniciativas&p_p_lifecycle=0&p_p_state=normal&p_p_mode=view&_iniciativas_mode=mostrarDetalle&_iniciativas_legislatura=XII&_iniciativas_id=121/000020
22/5/2018,Presupuestos Generales del Estado," Disposiciones adicionales, transitorias, derogatorias y finales   ","Del Olmo Ibáñez, Juan Manuel",GCUP-EC-EM,Sí,81,258,8,3,https://www.congreso.es/es/busqueda-de-iniciativas?p_p_id=iniciativas&p_p_lifecycle=0&p_p_state=normal&p_p_mode=view&_iniciativas_mode=mostrarDetalle&_iniciativas_legislatura=XII&_iniciativas_id=121/000020
22/5/2018,Presupuestos Generales del Estado," Disposiciones adicionales, transitorias, derogatorias y finales   ","Montero Soler, Alberto",GCUP-EC-EM,Sí,81,258,8,3,https://www.congreso.es/es/busqueda-de-iniciativas?p_p_id=iniciativas&p_p_lifecycle=0&p_p_state=normal&p_p_mode=view&_iniciativas_mode=mostrarDetalle&_iniciativas_legislatura=XII&_iniciativas_id=121/000020
22/5/2018,Presupuestos Generales del Estado," Disposiciones adicionales, transitorias, derogatorias y finales   ","Vera Ruíz-Herrera, Noelia",GCUP-EC-EM,Sí,81,258,8,3,https://www.congreso.es/es/busqueda-de-iniciativas?p_p_id=iniciativas&p_p_lifecycle=0&p_p_state=normal&p_p_mode=view&_iniciativas_mode=mostrarDetalle&_iniciativas_legislatura=XII&_iniciativas_id=121/000020
22/5/2018,Presupuestos Generales del Estado," Disposiciones adicionales, transitorias, derogatorias y finales   ","Arrojo Agudo, Pedro",GCUP-EC-EM,Sí,81,258,8,3,https://www.congreso.es/es/busqueda-de-iniciativas?p_p_id=iniciativas&p_p_lifecycle=0&p_p_state=normal&p_p_mode=view&_iniciativas_mode=mostrarDetalle&_iniciativas_legislatura=XII&_iniciativas_id=121/000020
22/5/2018,Presupuestos Generales del Estado," Disposiciones adicionales, transitorias, derogatorias y finales   ","Luis Bail, Jorge",GCUP-EC-EM,Sí,81,258,8,3,https://www.congreso.es/es/busqueda-de-iniciativas?p_p_id=iniciativas&p_p_lifecycle=0&p_p_state=normal&p_p_mode=view&_iniciativas_mode=mostrarDetalle&_iniciativas_legislatura=XII&_iniciativas_id=121/000020
22/5/2018,Presupuestos Generales del Estado," Disposiciones adicionales, transitorias, derogatorias y finales   ","Yllanes Suárez, Juan Pedro",GCUP-EC-EM,Sí,81,258,8,3,https://www.congreso.es/es/busqueda-de-iniciativas?p_p_id=iniciativas&p_p_lifecycle=0&p_p_state=normal&p_p_mode=view&_iniciativas_mode=mostrarDetalle&_iniciativas_legislatura=XII&_iniciativas_id=121/000020
22/5/2018,Presupuestos Generales del Estado," Disposiciones adicionales, transitorias, derogatorias y finales   ","Expósito Prieto, Marcelo",GCUP-EC-EM,Sí,81,258,8,3,https://www.congreso.es/es/busqueda-de-iniciativas?p_p_id=iniciativas&p_p_lifecycle=0&p_p_state=normal&p_p_mode=view&_iniciativas_mode=mostrarDetalle&_iniciativas_legislatura=XII&_iniciativas_id=121/000020
22/5/2018,Presupuestos Generales del Estado," Disposiciones adicionales, transitorias, derogatorias y finales   ","De la Encina Ortega, Salvador Antonio",GS,Sí,81,258,8,3,https://www.congreso.es/es/busqueda-de-iniciativas?p_p_id=iniciativas&p_p_lifecycle=0&p_p_state=normal&p_p_mode=view&_iniciativas_mode=mostrarDetalle&_iniciativas_legislatura=XII&_iniciativas_id=121/000020
22/5/2018,Presupuestos Generales del Estado," Disposiciones adicionales, transitorias, derogatorias y finales   ","Delgado Ramos, Juan Antonio",GCUP-EC-EM,Sí,81,258,8,3,https://www.congreso.es/es/busqueda-de-iniciativas?p_p_id=iniciativas&p_p_lifecycle=0&p_p_state=normal&p_p_mode=view&_iniciativas_mode=mostrarDetalle&_iniciativas_legislatura=XII&_iniciativas_id=121/000020
22/5/2018,Presupuestos Generales del Estado," Disposiciones adicionales, transitorias, derogatorias y finales   ","Elizo Serrano, María Gloria",GCUP-EC-EM,Sí,81,258,8,3,https://www.congreso.es/es/busqueda-de-iniciativas?p_p_id=iniciativas&p_p_lifecycle=0&p_p_state=normal&p_p_mode=view&_iniciativas_mode=mostrarDetalle&_iniciativas_legislatura=XII&_iniciativas_id=121/000020
22/5/2018,Presupuestos Generales del Estado," Disposiciones adicionales, transitorias, derogatorias y finales   ","Valido Pérez, Carmen",GCUP-EC-EM,Sí,81,258,8,3,https://www.congreso.es/es/busqueda-de-iniciativas?p_p_id=iniciativas&p_p_lifecycle=0&p_p_state=normal&p_p_mode=view&_iniciativas_mode=mostrarDetalle&_iniciativas_legislatura=XII&_iniciativas_id=121/000020
22/5/2018,Presupuestos Generales del Estado," Disposiciones adicionales, transitorias, derogatorias y finales   ","Pita Cárdenes, María del Carmen",GCUP-EC-EM,Sí,81,258,8,3,https://www.congreso.es/es/busqueda-de-iniciativas?p_p_id=iniciativas&p_p_lifecycle=0&p_p_state=normal&p_p_mode=view&_iniciativas_mode=mostrarDetalle&_iniciativas_legislatura=XII&_iniciativas_id=121/000020
22/5/2018,Presupuestos Generales del Estado," Disposiciones adicionales, transitorias, derogatorias y finales   ","Montero Gil, Irene María",GCUP-EC-EM,Sí,81,258,8,3,https://www.congreso.es/es/busqueda-de-iniciativas?p_p_id=iniciativas&p_p_lifecycle=0&p_p_state=normal&p_p_mode=view&_iniciativas_mode=mostrarDetalle&_iniciativas_legislatura=XII&_iniciativas_id=121/000020
22/5/2018,Presupuestos Generales del Estado," Disposiciones adicionales, transitorias, derogatorias y finales   ","Iglesias Turrión, Pablo",GCUP-EC-EM,Sí,81,258,8,3,https://www.congreso.es/es/busqueda-de-iniciativas?p_p_id=iniciativas&p_p_lifecycle=0&p_p_state=normal&p_p_mode=view&_iniciativas_mode=mostrarDetalle&_iniciativas_legislatura=XII&_iniciativas_id=121/000020
22/5/2018,Presupuestos Generales del Estado," Disposiciones adicionales, transitorias, derogatorias y finales   ","Sánchez Serna, Javier",GCUP-EC-EM,Sí,81,258,8,3,https://www.congreso.es/es/busqueda-de-iniciativas?p_p_id=iniciativas&p_p_lifecycle=0&p_p_state=normal&p_p_mode=view&_iniciativas_mode=mostrarDetalle&_iniciativas_legislatura=XII&_iniciativas_id=121/000020
22/5/2018,Presupuestos Generales del Estado," Disposiciones adicionales, transitorias, derogatorias y finales   ","Pascual Peña, Sergio",GCUP-EC-EM,Sí,81,258,8,3,https://www.congreso.es/es/busqueda-de-iniciativas?p_p_id=iniciativas&p_p_lifecycle=0&p_p_state=normal&p_p_mode=view&_iniciativas_mode=mostrarDetalle&_iniciativas_legislatura=XII&_iniciativas_id=121/000020
22/5/2018,Presupuestos Generales del Estado," Disposiciones adicionales, transitorias, derogatorias y finales   ","Terrón Berbel, Ana Belén",GCUP-EC-EM,Sí,81,258,8,3,https://www.congreso.es/es/busqueda-de-iniciativas?p_p_id=iniciativas&p_p_lifecycle=0&p_p_state=normal&p_p_mode=view&_iniciativas_mode=mostrarDetalle&_iniciativas_legislatura=XII&_iniciativas_id=121/000020
22/5/2018,Presupuestos Generales del Estado," Disposiciones adicionales, transitorias, derogatorias y finales   ","Belarra Urteaga, Ione",GCUP-EC-EM,Sí,81,258,8,3,https://www.congreso.es/es/busqueda-de-iniciativas?p_p_id=iniciativas&p_p_lifecycle=0&p_p_state=normal&p_p_mode=view&_iniciativas_mode=mostrarDetalle&_iniciativas_legislatura=XII&_iniciativas_id=121/000020
22/5/2018,Presupuestos Generales del Estado," Disposiciones adicionales, transitorias, derogatorias y finales   ","Monereo Pérez, Manuel",GCUP-EC-EM,Sí,81,258,8,3,https://www.congreso.es/es/busqueda-de-iniciativas?p_p_id=iniciativas&p_p_lifecycle=0&p_p_state=normal&p_p_mode=view&_iniciativas_mode=mostrarDetalle&_iniciativas_legislatura=XII&_iniciativas_id=121/000020
22/5/2018,Presupuestos Generales del Estado," Disposiciones adicionales, transitorias, derogatorias y finales   ","Errejón Galván, Íñigo",GCUP-EC-EM,Sí,81,258,8,3,https://www.congreso.es/es/busqueda-de-iniciativas?p_p_id=iniciativas&p_p_lifecycle=0&p_p_state=normal&p_p_mode=view&_iniciativas_mode=mostrarDetalle&_iniciativas_legislatura=XII&_iniciativas_id=121/000020
22/5/2018,Presupuestos Generales del Estado," Disposiciones adicionales, transitorias, derogatorias y finales   ","Martínez Rodríguez, María Rosa",GCUP-EC-EM,Sí,81,258,8,3,https://www.congreso.es/es/busqueda-de-iniciativas?p_p_id=iniciativas&p_p_lifecycle=0&p_p_state=normal&p_p_mode=view&_iniciativas_mode=mostrarDetalle&_iniciativas_legislatura=XII&_iniciativas_id=121/000020
22/5/2018,Presupuestos Generales del Estado," Disposiciones adicionales, transitorias, derogatorias y finales   ","Alba Goveli, Nayua Miriam",GCUP-EC-EM,Sí,81,258,8,3,https://www.congreso.es/es/busqueda-de-iniciativas?p_p_id=iniciativas&p_p_lifecycle=0&p_p_state=normal&p_p_mode=view&_iniciativas_mode=mostrarDetalle&_iniciativas_legislatura=XII&_iniciativas_id=121/000020
22/5/2018,Presupuestos Generales del Estado," Disposiciones adicionales, transitorias, derogatorias y finales   ","Maura Zorita, Eduardo Javier",GCUP-EC-EM,Sí,81,258,8,3,https://www.congreso.es/es/busqueda-de-iniciativas?p_p_id=iniciativas&p_p_lifecycle=0&p_p_state=normal&p_p_mode=view&_iniciativas_mode=mostrarDetalle&_iniciativas_legislatura=XII&_iniciativas_id=121/000020
22/5/2018,Presupuestos Generales del Estado," Disposiciones adicionales, transitorias, derogatorias y finales   ","Franco Carmona, Isabel",GCUP-EC-EM,Sí,81,258,8,3,https://www.congreso.es/es/busqueda-de-iniciativas?p_p_id=iniciativas&p_p_lifecycle=0&p_p_state=normal&p_p_mode=view&_iniciativas_mode=mostrarDetalle&_iniciativas_legislatura=XII&_iniciativas_id=121/000020
22/5/2018,Presupuestos Generales del Estado," Disposiciones adicionales, transitorias, derogatorias y finales   ","López de Uralde Garmendia, Juan Antonio",GCUP-EC-EM,Sí,81,258,8,3,https://www.congreso.es/es/busqueda-de-iniciativas?p_p_id=iniciativas&p_p_lifecycle=0&p_p_state=normal&p_p_mode=view&_iniciativas_mode=mostrarDetalle&_iniciativas_legislatura=XII&_iniciativas_id=121/000020
22/5/2018,Presupuestos Generales del Estado," Disposiciones adicionales, transitorias, derogatorias y finales   ","Sixto Iglesias, Ricardo",GCUP-EC-EM,Sí,81,258,8,3,https://www.congreso.es/es/busqueda-de-iniciativas?p_p_id=iniciativas&p_p_lifecycle=0&p_p_state=normal&p_p_mode=view&_iniciativas_mode=mostrarDetalle&_iniciativas_legislatura=XII&_iniciativas_id=121/000020
22/5/2018,Presupuestos Generales del Estado," Disposiciones adicionales, transitorias, derogatorias y finales   ","Bosaho Gori, Rita Gertrudis",GCUP-EC-EM,Sí,81,258,8,3,https://www.congreso.es/es/busqueda-de-iniciativas?p_p_id=iniciativas&p_p_lifecycle=0&p_p_state=normal&p_p_mode=view&_iniciativas_mode=mostrarDetalle&_iniciativas_legislatura=XII&_iniciativas_id=121/000020
22/5/2018,Presupuestos Generales del Estado," Disposiciones adicionales, transitorias, derogatorias y finales   ","Ballester Muñoz, Àngela",GCUP-EC-EM,Sí,81,258,8,3,https://www.congreso.es/es/busqueda-de-iniciativas?p_p_id=iniciativas&p_p_lifecycle=0&p_p_state=normal&p_p_mode=view&_iniciativas_mode=mostrarDetalle&_iniciativas_legislatura=XII&_iniciativas_id=121/000020
22/5/2018,Presupuestos Generales del Estado," Disposiciones adicionales, transitorias, derogatorias y finales   ","Pastor Muñoz, Rosana",GCUP-EC-EM,Sí,81,258,8,3,https://www.congreso.es/es/busqueda-de-iniciativas?p_p_id=iniciativas&p_p_lifecycle=0&p_p_state=normal&p_p_mode=view&_iniciativas_mode=mostrarDetalle&_iniciativas_legislatura=XII&_iniciativas_id=121/000020
22/5/2018,Presupuestos Generales del Estado," Disposiciones adicionales, transitorias, derogatorias y finales   ","Sorlí Fresquet, Marta",GMx,Sí,81,258,8,3,https://www.congreso.es/es/busqueda-de-iniciativas?p_p_id=iniciativas&p_p_lifecycle=0&p_p_state=normal&p_p_mode=view&_iniciativas_mode=mostrarDetalle&_iniciativas_legislatura=XII&_iniciativas_id=121/000020
22/5/2018,Presupuestos Generales del Estado," Disposiciones adicionales, transitorias, derogatorias y finales   ","Baldoví Roda, Joan",GMx,Sí,81,258,8,3,https://www.congreso.es/es/busqueda-de-iniciativas?p_p_id=iniciativas&p_p_lifecycle=0&p_p_state=normal&p_p_mode=view&_iniciativas_mode=mostrarDetalle&_iniciativas_legislatura=XII&_iniciativas_id=121/000020
22/5/2018,Presupuestos Generales del Estado," Disposiciones adicionales, transitorias, derogatorias y finales   ","Candela Serna, Ignasi",GMx,Sí,81,258,8,3,https://www.congreso.es/es/busqueda-de-iniciativas?p_p_id=iniciativas&p_p_lifecycle=0&p_p_state=normal&p_p_mode=view&_iniciativas_mode=mostrarDetalle&_iniciativas_legislatura=XII&_iniciativas_id=121/000020
22/5/2018,Presupuestos Generales del Estado," Disposiciones adicionales, transitorias, derogatorias y finales   ","Bataller i Ruiz, Enric",GMx,Sí,81,258,8,3,https://www.congreso.es/es/busqueda-de-iniciativas?p_p_id=iniciativas&p_p_lifecycle=0&p_p_state=normal&p_p_mode=view&_iniciativas_mode=mostrarDetalle&_iniciativas_legislatura=XII&_iniciativas_id=121/000020
22/5/2018,Presupuestos Generales del Estado," Disposiciones adicionales, transitorias, derogatorias y finales   ","Vila Gómez, Miguel",GCUP-EC-EM,Sí,81,258,8,3,https://www.congreso.es/es/busqueda-de-iniciativas?p_p_id=iniciativas&p_p_lifecycle=0&p_p_state=normal&p_p_mode=view&_iniciativas_mode=mostrarDetalle&_iniciativas_legislatura=XII&_iniciativas_id=121/000020
22/5/2018,Presupuestos Generales del Estado," Disposiciones adicionales, transitorias, derogatorias y finales   ","Botejara Sanz, Amparo",GCUP-EC-EM,Sí,81,258,8,3,https://www.congreso.es/es/busqueda-de-iniciativas?p_p_id=iniciativas&p_p_lifecycle=0&p_p_state=normal&p_p_mode=view&_iniciativas_mode=mostrarDetalle&_iniciativas_legislatura=XII&_iniciativas_id=121/000020
22/5/2018,Presupuestos Generales del Estado," Disposiciones adicionales, transitorias, derogatorias y finales   ","Garzón Espinosa, Alberto",GCUP-EC-EM,Sí,81,258,8,3,https://www.congreso.es/es/busqueda-de-iniciativas?p_p_id=iniciativas&p_p_lifecycle=0&p_p_state=normal&p_p_mode=view&_iniciativas_mode=mostrarDetalle&_iniciativas_legislatura=XII&_iniciativas_id=121/000020
22/5/2018,Presupuestos Generales del Estado," Disposiciones adicionales, transitorias, derogatorias y finales   ","García Sempere, Eva",GCUP-EC-EM,Sí,81,258,8,3,https://www.congreso.es/es/busqueda-de-iniciativas?p_p_id=iniciativas&p_p_lifecycle=0&p_p_state=normal&p_p_mode=view&_iniciativas_mode=mostrarDetalle&_iniciativas_legislatura=XII&_iniciativas_id=121/000020
22/5/2018,Presupuestos Generales del Estado," Disposiciones adicionales, transitorias, derogatorias y finales   ","Bustamante Martín, Miguel Ángel",GCUP-EC-EM,Sí,81,258,8,3,https://www.congreso.es/es/busqueda-de-iniciativas?p_p_id=iniciativas&p_p_lifecycle=0&p_p_state=normal&p_p_mode=view&_iniciativas_mode=mostrarDetalle&_iniciativas_legislatura=XII&_iniciativas_id=121/000020
22/5/2018,Presupuestos Generales del Estado," Disposiciones adicionales, transitorias, derogatorias y finales   ","Alonso Cantorné, Félix",GCUP-EC-EM,Sí,81,258,8,3,https://www.congreso.es/es/busqueda-de-iniciativas?p_p_id=iniciativas&p_p_lifecycle=0&p_p_state=normal&p_p_mode=view&_iniciativas_mode=mostrarDetalle&_iniciativas_legislatura=XII&_iniciativas_id=121/000020
22/5/2018,Presupuestos Generales del Estado," Disposiciones adicionales, transitorias, derogatorias y finales   ","Díaz Pérez, Yolanda",GCUP-EC-EM,Sí,81,258,8,3,https://www.congreso.es/es/busqueda-de-iniciativas?p_p_id=iniciativas&p_p_lifecycle=0&p_p_state=normal&p_p_mode=view&_iniciativas_mode=mostrarDetalle&_iniciativas_legislatura=XII&_iniciativas_id=121/000020
22/5/2018,Presupuestos Generales del Estado," Disposiciones adicionales, transitorias, derogatorias y finales   ","Farré Fidalgo, Sònia",GCUP-EC-EM,Sí,81,258,8,3,https://www.congreso.es/es/busqueda-de-iniciativas?p_p_id=iniciativas&p_p_lifecycle=0&p_p_state=normal&p_p_mode=view&_iniciativas_mode=mostrarDetalle&_iniciativas_legislatura=XII&_iniciativas_id=121/000020
22/5/2018,Presupuestos Generales del Estado," Disposiciones adicionales, transitorias, derogatorias y finales   ","Vendrell Gardeñes, Josep",GCUP-EC-EM,Sí,81,258,8,3,https://www.congreso.es/es/busqueda-de-iniciativas?p_p_id=iniciativas&p_p_lifecycle=0&p_p_state=normal&p_p_mode=view&_iniciativas_mode=mostrarDetalle&_iniciativas_legislatura=XII&_iniciativas_id=121/000020
22/5/2018,Presupuestos Generales del Estado," Disposiciones adicionales, transitorias, derogatorias y finales   ","Mena Arca, Joan",GCUP-EC-EM,Sí,81,258,8,3,https://www.congreso.es/es/busqueda-de-iniciativas?p_p_id=iniciativas&p_p_lifecycle=0&p_p_state=normal&p_p_mode=view&_iniciativas_mode=mostrarDetalle&_iniciativas_legislatura=XII&_iniciativas_id=121/000020
22/5/2018,Presupuestos Generales del Estado," Disposiciones adicionales, transitorias, derogatorias y finales   ","Vidal Sáez, Aina",GCUP-EC-EM,Sí,81,258,8,3,https://www.congreso.es/es/busqueda-de-iniciativas?p_p_id=iniciativas&p_p_lifecycle=0&p_p_state=normal&p_p_mode=view&_iniciativas_mode=mostrarDetalle&_iniciativas_legislatura=XII&_iniciativas_id=121/000020
22/5/2018,Presupuestos Generales del Estado," Disposiciones adicionales, transitorias, derogatorias y finales   ","Mayoral Perales, Rafael",GCUP-EC-EM,Sí,81,258,8,3,https://www.congreso.es/es/busqueda-de-iniciativas?p_p_id=iniciativas&p_p_lifecycle=0&p_p_state=normal&p_p_mode=view&_iniciativas_mode=mostrarDetalle&_iniciativas_legislatura=XII&_iniciativas_id=121/000020
22/5/2018,Presupuestos Generales del Estado," Disposiciones adicionales, transitorias, derogatorias y finales   ","Bescansa Hernández, Carolina",GCUP-EC-EM,Sí,81,258,8,3,https://www.congreso.es/es/busqueda-de-iniciativas?p_p_id=iniciativas&p_p_lifecycle=0&p_p_state=normal&p_p_mode=view&_iniciativas_mode=mostrarDetalle&_iniciativas_legislatura=XII&_iniciativas_id=121/000020
22/5/2018,Presupuestos Generales del Estado," Disposiciones adicionales, transitorias, derogatorias y finales   ","García Puig, María del Mar",GCUP-EC-EM,Sí,81,258,8,3,https://www.congreso.es/es/busqueda-de-iniciativas?p_p_id=iniciativas&p_p_lifecycle=0&p_p_state=normal&p_p_mode=view&_iniciativas_mode=mostrarDetalle&_iniciativas_legislatura=XII&_iniciativas_id=121/000020
22/5/2018,Presupuestos Generales del Estado," Disposiciones adicionales, transitorias, derogatorias y finales   ","Viejo Viñas, Raimundo",GCUP-EC-EM,Sí,81,258,8,3,https://www.congreso.es/es/busqueda-de-iniciativas?p_p_id=iniciativas&p_p_lifecycle=0&p_p_state=normal&p_p_mode=view&_iniciativas_mode=mostrarDetalle&_iniciativas_legislatura=XII&_iniciativas_id=121/000020
22/5/2018,Presupuestos Generales del Estado," Disposiciones adicionales, transitorias, derogatorias y finales   ","Moya Matas, Jaume",GCUP-EC-EM,Sí,81,258,8,3,https://www.congreso.es/es/busqueda-de-iniciativas?p_p_id=iniciativas&p_p_lifecycle=0&p_p_state=normal&p_p_mode=view&_iniciativas_mode=mostrarDetalle&_iniciativas_legislatura=XII&_iniciativas_id=121/000020
22/5/2018,Presupuestos Generales del Estado," Disposiciones adicionales, transitorias, derogatorias y finales   ","Sibina Camps, Marta",GCUP-EC-EM,Sí,81,258,8,3,https://www.congreso.es/es/busqueda-de-iniciativas?p_p_id=iniciativas&p_p_lifecycle=0&p_p_state=normal&p_p_mode=view&_iniciativas_mode=mostrarDetalle&_iniciativas_legislatura=XII&_iniciativas_id=121/000020
22/5/2018,Presupuestos Generales del Estado," Disposiciones adicionales, transitorias, derogatorias y finales   ","Martín González, Lucía",GCUP-EC-EM,Sí,81,258,8,3,https://www.congreso.es/es/busqueda-de-iniciativas?p_p_id=iniciativas&p_p_lifecycle=0&p_p_state=normal&p_p_mode=view&_iniciativas_mode=mostrarDetalle&_iniciativas_legislatura=XII&_iniciativas_id=121/000020
22/5/2018,Presupuestos Generales del Estado," Disposiciones adicionales, transitorias, derogatorias y finales   ","Sánchez Melero, Tania",GCUP-EC-EM,Sí,81,258,8,3,https://www.congreso.es/es/busqueda-de-iniciativas?p_p_id=iniciativas&p_p_lifecycle=0&p_p_state=normal&p_p_mode=view&_iniciativas_mode=mostrarDetalle&_iniciativas_legislatura=XII&_iniciativas_id=121/000020
22/5/2018,Presupuestos Generales del Estado," Disposiciones adicionales, transitorias, derogatorias y finales   ","Fernández Castañón, Sofía",GCUP-EC-EM,Sí,81,258,8,3,https://www.congreso.es/es/busqueda-de-iniciativas?p_p_id=iniciativas&p_p_lifecycle=0&p_p_state=normal&p_p_mode=view&_iniciativas_mode=mostrarDetalle&_iniciativas_legislatura=XII&_iniciativas_id=121/000020
22/5/2018,Presupuestos Generales del Estado," Disposiciones adicionales, transitorias, derogatorias y finales   ","Alonso Clusa, Rosa Ana",GCUP-EC-EM,Sí,81,258,8,3,https://www.congreso.es/es/busqueda-de-iniciativas?p_p_id=iniciativas&p_p_lifecycle=0&p_p_state=normal&p_p_mode=view&_iniciativas_mode=mostrarDetalle&_iniciativas_legislatura=XII&_iniciativas_id=121/000020
22/5/2018,Presupuestos Generales del Estado," Disposiciones adicionales, transitorias, derogatorias y finales   ","Cañamero Valle, Diego",GCUP-EC-EM,Sí,81,258,8,3,https://www.congreso.es/es/busqueda-de-iniciativas?p_p_id=iniciativas&p_p_lifecycle=0&p_p_state=normal&p_p_mode=view&_iniciativas_mode=mostrarDetalle&_iniciativas_legislatura=XII&_iniciativas_id=121/000020
22/5/2018,Presupuestos Generales del Estado," Disposiciones adicionales, transitorias, derogatorias y finales   ","Guillaumes i Ràfols, Feliu-Joan",GMx,Abstención,81,258,8,3,https://www.congreso.es/es/busqueda-de-iniciativas?p_p_id=iniciativas&p_p_lifecycle=0&p_p_state=normal&p_p_mode=view&_iniciativas_mode=mostrarDetalle&_iniciativas_legislatura=XII&_iniciativas_id=121/000020
22/5/2018,Presupuestos Generales del Estado," Disposiciones adicionales, transitorias, derogatorias y finales   ","Postius Terrado, Antoni",GMx,Abstención,81,258,8,3,https://www.congreso.es/es/busqueda-de-iniciativas?p_p_id=iniciativas&p_p_lifecycle=0&p_p_state=normal&p_p_mode=view&_iniciativas_mode=mostrarDetalle&_iniciativas_legislatura=XII&_iniciativas_id=121/000020
22/5/2018,Presupuestos Generales del Estado," Disposiciones adicionales, transitorias, derogatorias y finales   ","Miquel i Valentí, Sergi",GMx,Abstención,81,258,8,3,https://www.congreso.es/es/busqueda-de-iniciativas?p_p_id=iniciativas&p_p_lifecycle=0&p_p_state=normal&p_p_mode=view&_iniciativas_mode=mostrarDetalle&_iniciativas_legislatura=XII&_iniciativas_id=121/000020
22/5/2018,Presupuestos Generales del Estado," Disposiciones adicionales, transitorias, derogatorias y finales   ","Xuclà i Costa, Jordi",GMx,Abstención,81,258,8,3,https://www.congreso.es/es/busqueda-de-iniciativas?p_p_id=iniciativas&p_p_lifecycle=0&p_p_state=normal&p_p_mode=view&_iniciativas_mode=mostrarDetalle&_iniciativas_legislatura=XII&_iniciativas_id=121/000020
22/5/2018,Presupuestos Generales del Estado," Disposiciones adicionales, transitorias, derogatorias y finales   ","Campuzano i Canadés, Carles",GMx,Abstención,81,258,8,3,https://www.congreso.es/es/busqueda-de-iniciativas?p_p_id=iniciativas&p_p_lifecycle=0&p_p_state=normal&p_p_mode=view&_iniciativas_mode=mostrarDetalle&_iniciativas_legislatura=XII&_iniciativas_id=121/000020
22/5/2018,Presupuestos Generales del Estado," Disposiciones adicionales, transitorias, derogatorias y finales   ","Bel Accensi, Ferran",GMx,Abstención,81,258,8,3,https://www.congreso.es/es/busqueda-de-iniciativas?p_p_id=iniciativas&p_p_lifecycle=0&p_p_state=normal&p_p_mode=view&_iniciativas_mode=mostrarDetalle&_iniciativas_legislatura=XII&_iniciativas_id=121/000020
22/5/2018,Presupuestos Generales del Estado," Disposiciones adicionales, transitorias, derogatorias y finales   ","Ciuró i Buldó, Lourdes",GMx,Abstención,81,258,8,3,https://www.congreso.es/es/busqueda-de-iniciativas?p_p_id=iniciativas&p_p_lifecycle=0&p_p_state=normal&p_p_mode=view&_iniciativas_mode=mostrarDetalle&_iniciativas_legislatura=XII&_iniciativas_id=121/000020
22/5/2018,Presupuestos Generales del Estado," Disposiciones adicionales, transitorias, derogatorias y finales   ","Nogueras i Camero, Míriam",GMx,Abstención,81,258,8,3,https://www.congreso.es/es/busqueda-de-iniciativas?p_p_id=iniciativas&p_p_lifecycle=0&p_p_state=normal&p_p_mode=view&_iniciativas_mode=mostrarDetalle&_iniciativas_legislatura=XII&_iniciativas_id=121/000020
22/5/2018,Presupuestos Generales del Estado," Disposiciones adicionales, transitorias, derogatorias y finales   ","Rodríguez García, Isabel",GS,No vota,81,258,8,3,https://www.congreso.es/es/busqueda-de-iniciativas?p_p_id=iniciativas&p_p_lifecycle=0&p_p_state=normal&p_p_mode=view&_iniciativas_mode=mostrarDetalle&_iniciativas_legislatura=XII&_iniciativas_id=121/000020
22/5/2018,Presupuestos Generales del Estado," Disposiciones adicionales, transitorias, derogatorias y finales   ","Salud Areste, María Isabel",GCUP-EC-EM,No vota,81,258,8,3,https://www.congreso.es/es/busqueda-de-iniciativas?p_p_id=iniciativas&p_p_lifecycle=0&p_p_state=normal&p_p_mode=view&_iniciativas_mode=mostrarDetalle&_iniciativas_legislatura=XII&_iniciativas_id=121/000020
22/5/2018,Presupuestos Generales del Estado," Disposiciones adicionales, transitorias, derogatorias y finales   ","Honorato Chulián, María Auxiliadora",GCUP-EC-EM,No vota,81,258,8,3,https://www.congreso.es/es/busqueda-de-iniciativas?p_p_id=iniciativas&p_p_lifecycle=0&p_p_state=normal&p_p_mode=view&_iniciativas_mode=mostrarDetalle&_iniciativas_legislatura=XII&_iniciativas_id=121/000020
