date,title,motion_text,deputy,party,vote,afavor,enContra,abstenciones,noVotan,initiative_url
22/11/2022,Presupuestos Generales del Estado,"Sección 12 (Ministerio de Asuntos Exteriores, Unión Europea y Cooperación)  null","Meijón Couselo, Guillermo Antonio",GS,No,11,175,106,57,https://www.congreso.es/es/busqueda-de-iniciativas?p_p_id=iniciativas&p_p_lifecycle=0&p_p_state=normal&p_p_mode=view&_iniciativas_mode=mostrarDetalle&_iniciativas_legislatura=XIV&_iniciativas_id=121/000125
22/11/2022,Presupuestos Generales del Estado,"Sección 12 (Ministerio de Asuntos Exteriores, Unión Europea y Cooperación)  null","Sahuquillo García, Luis Carlos",GS,No,11,175,106,57,https://www.congreso.es/es/busqueda-de-iniciativas?p_p_id=iniciativas&p_p_lifecycle=0&p_p_state=normal&p_p_mode=view&_iniciativas_mode=mostrarDetalle&_iniciativas_legislatura=XIV&_iniciativas_id=121/000125
22/11/2022,Presupuestos Generales del Estado,"Sección 12 (Ministerio de Asuntos Exteriores, Unión Europea y Cooperación)  null","Canales Duque, Mariana de Gracia",GS,No,11,175,106,57,https://www.congreso.es/es/busqueda-de-iniciativas?p_p_id=iniciativas&p_p_lifecycle=0&p_p_state=normal&p_p_mode=view&_iniciativas_mode=mostrarDetalle&_iniciativas_legislatura=XIV&_iniciativas_id=121/000125
22/11/2022,Presupuestos Generales del Estado,"Sección 12 (Ministerio de Asuntos Exteriores, Unión Europea y Cooperación)  null","Fagúndez Campo, Antidio",GS,No,11,175,106,57,https://www.congreso.es/es/busqueda-de-iniciativas?p_p_id=iniciativas&p_p_lifecycle=0&p_p_state=normal&p_p_mode=view&_iniciativas_mode=mostrarDetalle&_iniciativas_legislatura=XIV&_iniciativas_id=121/000125
22/11/2022,Presupuestos Generales del Estado,"Sección 12 (Ministerio de Asuntos Exteriores, Unión Europea y Cooperación)  null","Rodríguez Salas, José Antonio",GS,No,11,175,106,57,https://www.congreso.es/es/busqueda-de-iniciativas?p_p_id=iniciativas&p_p_lifecycle=0&p_p_state=normal&p_p_mode=view&_iniciativas_mode=mostrarDetalle&_iniciativas_legislatura=XIV&_iniciativas_id=121/000125
22/11/2022,Presupuestos Generales del Estado,"Sección 12 (Ministerio de Asuntos Exteriores, Unión Europea y Cooperación)  null","Ramón Utrabo, Elvira",GS,No,11,175,106,57,https://www.congreso.es/es/busqueda-de-iniciativas?p_p_id=iniciativas&p_p_lifecycle=0&p_p_state=normal&p_p_mode=view&_iniciativas_mode=mostrarDetalle&_iniciativas_legislatura=XIV&_iniciativas_id=121/000125
22/11/2022,Presupuestos Generales del Estado,"Sección 12 (Ministerio de Asuntos Exteriores, Unión Europea y Cooperación)  null","Garzón Espinosa, Alberto",GCUP-EC-GC,No,11,175,106,57,https://www.congreso.es/es/busqueda-de-iniciativas?p_p_id=iniciativas&p_p_lifecycle=0&p_p_state=normal&p_p_mode=view&_iniciativas_mode=mostrarDetalle&_iniciativas_legislatura=XIV&_iniciativas_id=121/000125
22/11/2022,Presupuestos Generales del Estado,"Sección 12 (Ministerio de Asuntos Exteriores, Unión Europea y Cooperación)  null","Echenique Robba, Pablo",GCUP-EC-GC,No,11,175,106,57,https://www.congreso.es/es/busqueda-de-iniciativas?p_p_id=iniciativas&p_p_lifecycle=0&p_p_state=normal&p_p_mode=view&_iniciativas_mode=mostrarDetalle&_iniciativas_legislatura=XIV&_iniciativas_id=121/000125
22/11/2022,Presupuestos Generales del Estado,"Sección 12 (Ministerio de Asuntos Exteriores, Unión Europea y Cooperación)  null","Sancho Íñiguez, Herminio Rufino",GS,No,11,175,106,57,https://www.congreso.es/es/busqueda-de-iniciativas?p_p_id=iniciativas&p_p_lifecycle=0&p_p_state=normal&p_p_mode=view&_iniciativas_mode=mostrarDetalle&_iniciativas_legislatura=XIV&_iniciativas_id=121/000125
22/11/2022,Presupuestos Generales del Estado,"Sección 12 (Ministerio de Asuntos Exteriores, Unión Europea y Cooperación)  null","Peña Camarero, Esther",GS,No,11,175,106,57,https://www.congreso.es/es/busqueda-de-iniciativas?p_p_id=iniciativas&p_p_lifecycle=0&p_p_state=normal&p_p_mode=view&_iniciativas_mode=mostrarDetalle&_iniciativas_legislatura=XIV&_iniciativas_id=121/000125
22/11/2022,Presupuestos Generales del Estado,"Sección 12 (Ministerio de Asuntos Exteriores, Unión Europea y Cooperación)  null","Zamarrón Moreno, Agustín",GS,No,11,175,106,57,https://www.congreso.es/es/busqueda-de-iniciativas?p_p_id=iniciativas&p_p_lifecycle=0&p_p_state=normal&p_p_mode=view&_iniciativas_mode=mostrarDetalle&_iniciativas_legislatura=XIV&_iniciativas_id=121/000125
22/11/2022,Presupuestos Generales del Estado,"Sección 12 (Ministerio de Asuntos Exteriores, Unión Europea y Cooperación)  null","Pérez Abellás, Adolfo",GS,No,11,175,106,57,https://www.congreso.es/es/busqueda-de-iniciativas?p_p_id=iniciativas&p_p_lifecycle=0&p_p_state=normal&p_p_mode=view&_iniciativas_mode=mostrarDetalle&_iniciativas_legislatura=XIV&_iniciativas_id=121/000125
22/11/2022,Presupuestos Generales del Estado,"Sección 12 (Ministerio de Asuntos Exteriores, Unión Europea y Cooperación)  null","Serrada Pariente, David",GS,No,11,175,106,57,https://www.congreso.es/es/busqueda-de-iniciativas?p_p_id=iniciativas&p_p_lifecycle=0&p_p_state=normal&p_p_mode=view&_iniciativas_mode=mostrarDetalle&_iniciativas_legislatura=XIV&_iniciativas_id=121/000125
22/11/2022,Presupuestos Generales del Estado,"Sección 12 (Ministerio de Asuntos Exteriores, Unión Europea y Cooperación)  null","Cantera de Castro, Zaida",GS,No,11,175,106,57,https://www.congreso.es/es/busqueda-de-iniciativas?p_p_id=iniciativas&p_p_lifecycle=0&p_p_state=normal&p_p_mode=view&_iniciativas_mode=mostrarDetalle&_iniciativas_legislatura=XIV&_iniciativas_id=121/000125
22/11/2022,Presupuestos Generales del Estado,"Sección 12 (Ministerio de Asuntos Exteriores, Unión Europea y Cooperación)  null","García López, Maribel",GS,No,11,175,106,57,https://www.congreso.es/es/busqueda-de-iniciativas?p_p_id=iniciativas&p_p_lifecycle=0&p_p_state=normal&p_p_mode=view&_iniciativas_mode=mostrarDetalle&_iniciativas_legislatura=XIV&_iniciativas_id=121/000125
22/11/2022,Presupuestos Generales del Estado,"Sección 12 (Ministerio de Asuntos Exteriores, Unión Europea y Cooperación)  null","Santiago Romero, Enrique Fernando",GCUP-EC-GC,No,11,175,106,57,https://www.congreso.es/es/busqueda-de-iniciativas?p_p_id=iniciativas&p_p_lifecycle=0&p_p_state=normal&p_p_mode=view&_iniciativas_mode=mostrarDetalle&_iniciativas_legislatura=XIV&_iniciativas_id=121/000125
22/11/2022,Presupuestos Generales del Estado,"Sección 12 (Ministerio de Asuntos Exteriores, Unión Europea y Cooperación)  null","Marra Domínguez, María Ángeles",GS,No,11,175,106,57,https://www.congreso.es/es/busqueda-de-iniciativas?p_p_id=iniciativas&p_p_lifecycle=0&p_p_state=normal&p_p_mode=view&_iniciativas_mode=mostrarDetalle&_iniciativas_legislatura=XIV&_iniciativas_id=121/000125
22/11/2022,Presupuestos Generales del Estado,"Sección 12 (Ministerio de Asuntos Exteriores, Unión Europea y Cooperación)  null","Cerqueiro González, Javier",GS,No,11,175,106,57,https://www.congreso.es/es/busqueda-de-iniciativas?p_p_id=iniciativas&p_p_lifecycle=0&p_p_state=normal&p_p_mode=view&_iniciativas_mode=mostrarDetalle&_iniciativas_legislatura=XIV&_iniciativas_id=121/000125
22/11/2022,Presupuestos Generales del Estado,"Sección 12 (Ministerio de Asuntos Exteriores, Unión Europea y Cooperación)  null","Villagrasa Quero, Noemí",GS,No,11,175,106,57,https://www.congreso.es/es/busqueda-de-iniciativas?p_p_id=iniciativas&p_p_lifecycle=0&p_p_state=normal&p_p_mode=view&_iniciativas_mode=mostrarDetalle&_iniciativas_legislatura=XIV&_iniciativas_id=121/000125
22/11/2022,Presupuestos Generales del Estado,"Sección 12 (Ministerio de Asuntos Exteriores, Unión Europea y Cooperación)  null","Renau Martínez, Germán",GS,No,11,175,106,57,https://www.congreso.es/es/busqueda-de-iniciativas?p_p_id=iniciativas&p_p_lifecycle=0&p_p_state=normal&p_p_mode=view&_iniciativas_mode=mostrarDetalle&_iniciativas_legislatura=XIV&_iniciativas_id=121/000125
22/11/2022,Presupuestos Generales del Estado,"Sección 12 (Ministerio de Asuntos Exteriores, Unión Europea y Cooperación)  null","Ros Martínez, Susana",GS,No,11,175,106,57,https://www.congreso.es/es/busqueda-de-iniciativas?p_p_id=iniciativas&p_p_lifecycle=0&p_p_state=normal&p_p_mode=view&_iniciativas_mode=mostrarDetalle&_iniciativas_legislatura=XIV&_iniciativas_id=121/000125
22/11/2022,Presupuestos Generales del Estado,"Sección 12 (Ministerio de Asuntos Exteriores, Unión Europea y Cooperación)  null","Aceves Galindo, José Luis",GS,No,11,175,106,57,https://www.congreso.es/es/busqueda-de-iniciativas?p_p_id=iniciativas&p_p_lifecycle=0&p_p_state=normal&p_p_mode=view&_iniciativas_mode=mostrarDetalle&_iniciativas_legislatura=XIV&_iniciativas_id=121/000125
22/11/2022,Presupuestos Generales del Estado,"Sección 12 (Ministerio de Asuntos Exteriores, Unión Europea y Cooperación)  null","Cambronero Piqueras, Pablo",GMx,No,11,175,106,57,https://www.congreso.es/es/busqueda-de-iniciativas?p_p_id=iniciativas&p_p_lifecycle=0&p_p_state=normal&p_p_mode=view&_iniciativas_mode=mostrarDetalle&_iniciativas_legislatura=XIV&_iniciativas_id=121/000125
22/11/2022,Presupuestos Generales del Estado,"Sección 12 (Ministerio de Asuntos Exteriores, Unión Europea y Cooperación)  null","Lima Cid, Fuensanta",GS,No,11,175,106,57,https://www.congreso.es/es/busqueda-de-iniciativas?p_p_id=iniciativas&p_p_lifecycle=0&p_p_state=normal&p_p_mode=view&_iniciativas_mode=mostrarDetalle&_iniciativas_legislatura=XIV&_iniciativas_id=121/000125
22/11/2022,Presupuestos Generales del Estado,"Sección 12 (Ministerio de Asuntos Exteriores, Unión Europea y Cooperación)  null","Martínez Granados, María Carmen",GCs,No,11,175,106,57,https://www.congreso.es/es/busqueda-de-iniciativas?p_p_id=iniciativas&p_p_lifecycle=0&p_p_state=normal&p_p_mode=view&_iniciativas_mode=mostrarDetalle&_iniciativas_legislatura=XIV&_iniciativas_id=121/000125
22/11/2022,Presupuestos Generales del Estado,"Sección 12 (Ministerio de Asuntos Exteriores, Unión Europea y Cooperación)  null","López Álvarez, Patxi",GS,No,11,175,106,57,https://www.congreso.es/es/busqueda-de-iniciativas?p_p_id=iniciativas&p_p_lifecycle=0&p_p_state=normal&p_p_mode=view&_iniciativas_mode=mostrarDetalle&_iniciativas_legislatura=XIV&_iniciativas_id=121/000125
22/11/2022,Presupuestos Generales del Estado,"Sección 12 (Ministerio de Asuntos Exteriores, Unión Europea y Cooperación)  null","Iñarritu García, Jon",GEH Bildu,No,11,175,106,57,https://www.congreso.es/es/busqueda-de-iniciativas?p_p_id=iniciativas&p_p_lifecycle=0&p_p_state=normal&p_p_mode=view&_iniciativas_mode=mostrarDetalle&_iniciativas_legislatura=XIV&_iniciativas_id=121/000125
22/11/2022,Presupuestos Generales del Estado,"Sección 12 (Ministerio de Asuntos Exteriores, Unión Europea y Cooperación)  null","Matute García de Jalón, Oskar",GEH Bildu,No,11,175,106,57,https://www.congreso.es/es/busqueda-de-iniciativas?p_p_id=iniciativas&p_p_lifecycle=0&p_p_state=normal&p_p_mode=view&_iniciativas_mode=mostrarDetalle&_iniciativas_legislatura=XIV&_iniciativas_id=121/000125
22/11/2022,Presupuestos Generales del Estado,"Sección 12 (Ministerio de Asuntos Exteriores, Unión Europea y Cooperación)  null","Ruiz de Pinedo Undiano, Iñaki",GEH Bildu,No,11,175,106,57,https://www.congreso.es/es/busqueda-de-iniciativas?p_p_id=iniciativas&p_p_lifecycle=0&p_p_state=normal&p_p_mode=view&_iniciativas_mode=mostrarDetalle&_iniciativas_legislatura=XIV&_iniciativas_id=121/000125
22/11/2022,Presupuestos Generales del Estado,"Sección 12 (Ministerio de Asuntos Exteriores, Unión Europea y Cooperación)  null","Pozueta Fernández, Isabel",GEH Bildu,No,11,175,106,57,https://www.congreso.es/es/busqueda-de-iniciativas?p_p_id=iniciativas&p_p_lifecycle=0&p_p_state=normal&p_p_mode=view&_iniciativas_mode=mostrarDetalle&_iniciativas_legislatura=XIV&_iniciativas_id=121/000125
22/11/2022,Presupuestos Generales del Estado,"Sección 12 (Ministerio de Asuntos Exteriores, Unión Europea y Cooperación)  null","Andrés Barea, Josefa",GS,No,11,175,106,57,https://www.congreso.es/es/busqueda-de-iniciativas?p_p_id=iniciativas&p_p_lifecycle=0&p_p_state=normal&p_p_mode=view&_iniciativas_mode=mostrarDetalle&_iniciativas_legislatura=XIV&_iniciativas_id=121/000125
22/11/2022,Presupuestos Generales del Estado,"Sección 12 (Ministerio de Asuntos Exteriores, Unión Europea y Cooperación)  null","Sánchez Serna, Javier",GCUP-EC-GC,No,11,175,106,57,https://www.congreso.es/es/busqueda-de-iniciativas?p_p_id=iniciativas&p_p_lifecycle=0&p_p_state=normal&p_p_mode=view&_iniciativas_mode=mostrarDetalle&_iniciativas_legislatura=XIV&_iniciativas_id=121/000125
22/11/2022,Presupuestos Generales del Estado,"Sección 12 (Ministerio de Asuntos Exteriores, Unión Europea y Cooperación)  null","Honrubia Hurtado, Pedro Antonio",GCUP-EC-GC,No,11,175,106,57,https://www.congreso.es/es/busqueda-de-iniciativas?p_p_id=iniciativas&p_p_lifecycle=0&p_p_state=normal&p_p_mode=view&_iniciativas_mode=mostrarDetalle&_iniciativas_legislatura=XIV&_iniciativas_id=121/000125
22/11/2022,Presupuestos Generales del Estado,"Sección 12 (Ministerio de Asuntos Exteriores, Unión Europea y Cooperación)  null","Aizpurua Arzallus, Mertxe",GEH Bildu,No,11,175,106,57,https://www.congreso.es/es/busqueda-de-iniciativas?p_p_id=iniciativas&p_p_lifecycle=0&p_p_state=normal&p_p_mode=view&_iniciativas_mode=mostrarDetalle&_iniciativas_legislatura=XIV&_iniciativas_id=121/000125
22/11/2022,Presupuestos Generales del Estado,"Sección 12 (Ministerio de Asuntos Exteriores, Unión Europea y Cooperación)  null","Berja Vega, Laura",GS,No,11,175,106,57,https://www.congreso.es/es/busqueda-de-iniciativas?p_p_id=iniciativas&p_p_lifecycle=0&p_p_state=normal&p_p_mode=view&_iniciativas_mode=mostrarDetalle&_iniciativas_legislatura=XIV&_iniciativas_id=121/000125
22/11/2022,Presupuestos Generales del Estado,"Sección 12 (Ministerio de Asuntos Exteriores, Unión Europea y Cooperación)  null","Blanquer Alcaraz, Patricia",GS,No,11,175,106,57,https://www.congreso.es/es/busqueda-de-iniciativas?p_p_id=iniciativas&p_p_lifecycle=0&p_p_state=normal&p_p_mode=view&_iniciativas_mode=mostrarDetalle&_iniciativas_legislatura=XIV&_iniciativas_id=121/000125
22/11/2022,Presupuestos Generales del Estado,"Sección 12 (Ministerio de Asuntos Exteriores, Unión Europea y Cooperación)  null","Alonso Suárez, María Olga",GS,No,11,175,106,57,https://www.congreso.es/es/busqueda-de-iniciativas?p_p_id=iniciativas&p_p_lifecycle=0&p_p_state=normal&p_p_mode=view&_iniciativas_mode=mostrarDetalle&_iniciativas_legislatura=XIV&_iniciativas_id=121/000125
22/11/2022,Presupuestos Generales del Estado,"Sección 12 (Ministerio de Asuntos Exteriores, Unión Europea y Cooperación)  null","Marí Klose, Pau",GS,No,11,175,106,57,https://www.congreso.es/es/busqueda-de-iniciativas?p_p_id=iniciativas&p_p_lifecycle=0&p_p_state=normal&p_p_mode=view&_iniciativas_mode=mostrarDetalle&_iniciativas_legislatura=XIV&_iniciativas_id=121/000125
22/11/2022,Presupuestos Generales del Estado,"Sección 12 (Ministerio de Asuntos Exteriores, Unión Europea y Cooperación)  null","Vicente Viondi, Daniel",GS,No,11,175,106,57,https://www.congreso.es/es/busqueda-de-iniciativas?p_p_id=iniciativas&p_p_lifecycle=0&p_p_state=normal&p_p_mode=view&_iniciativas_mode=mostrarDetalle&_iniciativas_legislatura=XIV&_iniciativas_id=121/000125
22/11/2022,Presupuestos Generales del Estado,"Sección 12 (Ministerio de Asuntos Exteriores, Unión Europea y Cooperación)  null","Prieto Nieto, Ana",GS,No,11,175,106,57,https://www.congreso.es/es/busqueda-de-iniciativas?p_p_id=iniciativas&p_p_lifecycle=0&p_p_state=normal&p_p_mode=view&_iniciativas_mode=mostrarDetalle&_iniciativas_legislatura=XIV&_iniciativas_id=121/000125
22/11/2022,Presupuestos Generales del Estado,"Sección 12 (Ministerio de Asuntos Exteriores, Unión Europea y Cooperación)  null","Sarrià Morell, Vicent Manuel",GS,No,11,175,106,57,https://www.congreso.es/es/busqueda-de-iniciativas?p_p_id=iniciativas&p_p_lifecycle=0&p_p_state=normal&p_p_mode=view&_iniciativas_mode=mostrarDetalle&_iniciativas_legislatura=XIV&_iniciativas_id=121/000125
22/11/2022,Presupuestos Generales del Estado,"Sección 12 (Ministerio de Asuntos Exteriores, Unión Europea y Cooperación)  null","Esteban Bravo, Aitor",GV (EAJ-PNV),No,11,175,106,57,https://www.congreso.es/es/busqueda-de-iniciativas?p_p_id=iniciativas&p_p_lifecycle=0&p_p_state=normal&p_p_mode=view&_iniciativas_mode=mostrarDetalle&_iniciativas_legislatura=XIV&_iniciativas_id=121/000125
22/11/2022,Presupuestos Generales del Estado,"Sección 12 (Ministerio de Asuntos Exteriores, Unión Europea y Cooperación)  null","Legarda Uriarte, Mikel",GV (EAJ-PNV),No,11,175,106,57,https://www.congreso.es/es/busqueda-de-iniciativas?p_p_id=iniciativas&p_p_lifecycle=0&p_p_state=normal&p_p_mode=view&_iniciativas_mode=mostrarDetalle&_iniciativas_legislatura=XIV&_iniciativas_id=121/000125
22/11/2022,Presupuestos Generales del Estado,"Sección 12 (Ministerio de Asuntos Exteriores, Unión Europea y Cooperación)  null","Gorospe Elezcano, Josune",GV (EAJ-PNV),No,11,175,106,57,https://www.congreso.es/es/busqueda-de-iniciativas?p_p_id=iniciativas&p_p_lifecycle=0&p_p_state=normal&p_p_mode=view&_iniciativas_mode=mostrarDetalle&_iniciativas_legislatura=XIV&_iniciativas_id=121/000125
22/11/2022,Presupuestos Generales del Estado,"Sección 12 (Ministerio de Asuntos Exteriores, Unión Europea y Cooperación)  null","Barandiaran Benito, Íñigo",GV (EAJ-PNV),No,11,175,106,57,https://www.congreso.es/es/busqueda-de-iniciativas?p_p_id=iniciativas&p_p_lifecycle=0&p_p_state=normal&p_p_mode=view&_iniciativas_mode=mostrarDetalle&_iniciativas_legislatura=XIV&_iniciativas_id=121/000125
22/11/2022,Presupuestos Generales del Estado,"Sección 12 (Ministerio de Asuntos Exteriores, Unión Europea y Cooperación)  null","Sagastizabal Unzetabarrenetxea, Idoia",GV (EAJ-PNV),No,11,175,106,57,https://www.congreso.es/es/busqueda-de-iniciativas?p_p_id=iniciativas&p_p_lifecycle=0&p_p_state=normal&p_p_mode=view&_iniciativas_mode=mostrarDetalle&_iniciativas_legislatura=XIV&_iniciativas_id=121/000125
22/11/2022,Presupuestos Generales del Estado,"Sección 12 (Ministerio de Asuntos Exteriores, Unión Europea y Cooperación)  null","Agirretxea Urresti, Joseba Andoni",GV (EAJ-PNV),No,11,175,106,57,https://www.congreso.es/es/busqueda-de-iniciativas?p_p_id=iniciativas&p_p_lifecycle=0&p_p_state=normal&p_p_mode=view&_iniciativas_mode=mostrarDetalle&_iniciativas_legislatura=XIV&_iniciativas_id=121/000125
22/11/2022,Presupuestos Generales del Estado,"Sección 12 (Ministerio de Asuntos Exteriores, Unión Europea y Cooperación)  null","Antón Cacho, Javier",GS,No,11,175,106,57,https://www.congreso.es/es/busqueda-de-iniciativas?p_p_id=iniciativas&p_p_lifecycle=0&p_p_state=normal&p_p_mode=view&_iniciativas_mode=mostrarDetalle&_iniciativas_legislatura=XIV&_iniciativas_id=121/000125
22/11/2022,Presupuestos Generales del Estado,"Sección 12 (Ministerio de Asuntos Exteriores, Unión Europea y Cooperación)  null","Fernández Benéitez, Andrea",GS,No,11,175,106,57,https://www.congreso.es/es/busqueda-de-iniciativas?p_p_id=iniciativas&p_p_lifecycle=0&p_p_state=normal&p_p_mode=view&_iniciativas_mode=mostrarDetalle&_iniciativas_legislatura=XIV&_iniciativas_id=121/000125
22/11/2022,Presupuestos Generales del Estado,"Sección 12 (Ministerio de Asuntos Exteriores, Unión Europea y Cooperación)  null","Alfonso Cendón, Javier",GS,No,11,175,106,57,https://www.congreso.es/es/busqueda-de-iniciativas?p_p_id=iniciativas&p_p_lifecycle=0&p_p_state=normal&p_p_mode=view&_iniciativas_mode=mostrarDetalle&_iniciativas_legislatura=XIV&_iniciativas_id=121/000125
22/11/2022,Presupuestos Generales del Estado,"Sección 12 (Ministerio de Asuntos Exteriores, Unión Europea y Cooperación)  null","Gómez Hernández, Héctor",GS,No,11,175,106,57,https://www.congreso.es/es/busqueda-de-iniciativas?p_p_id=iniciativas&p_p_lifecycle=0&p_p_state=normal&p_p_mode=view&_iniciativas_mode=mostrarDetalle&_iniciativas_legislatura=XIV&_iniciativas_id=121/000125
22/11/2022,Presupuestos Generales del Estado,"Sección 12 (Ministerio de Asuntos Exteriores, Unión Europea y Cooperación)  null","Crespín Rubio, Rafaela",GS,No,11,175,106,57,https://www.congreso.es/es/busqueda-de-iniciativas?p_p_id=iniciativas&p_p_lifecycle=0&p_p_state=normal&p_p_mode=view&_iniciativas_mode=mostrarDetalle&_iniciativas_legislatura=XIV&_iniciativas_id=121/000125
22/11/2022,Presupuestos Generales del Estado,"Sección 12 (Ministerio de Asuntos Exteriores, Unión Europea y Cooperación)  null","Lastra Fernández, Adriana",GS,No,11,175,106,57,https://www.congreso.es/es/busqueda-de-iniciativas?p_p_id=iniciativas&p_p_lifecycle=0&p_p_state=normal&p_p_mode=view&_iniciativas_mode=mostrarDetalle&_iniciativas_legislatura=XIV&_iniciativas_id=121/000125
22/11/2022,Presupuestos Generales del Estado,"Sección 12 (Ministerio de Asuntos Exteriores, Unión Europea y Cooperación)  null","Raya Rodríguez, María Tamara",GS,No,11,175,106,57,https://www.congreso.es/es/busqueda-de-iniciativas?p_p_id=iniciativas&p_p_lifecycle=0&p_p_state=normal&p_p_mode=view&_iniciativas_mode=mostrarDetalle&_iniciativas_legislatura=XIV&_iniciativas_id=121/000125
22/11/2022,Presupuestos Generales del Estado,"Sección 12 (Ministerio de Asuntos Exteriores, Unión Europea y Cooperación)  null","Ferrer Tesoro, Sonia",GS,No,11,175,106,57,https://www.congreso.es/es/busqueda-de-iniciativas?p_p_id=iniciativas&p_p_lifecycle=0&p_p_state=normal&p_p_mode=view&_iniciativas_mode=mostrarDetalle&_iniciativas_legislatura=XIV&_iniciativas_id=121/000125
22/11/2022,Presupuestos Generales del Estado,"Sección 12 (Ministerio de Asuntos Exteriores, Unión Europea y Cooperación)  null","Díaz Gómez, Guillermo",GCs,No,11,175,106,57,https://www.congreso.es/es/busqueda-de-iniciativas?p_p_id=iniciativas&p_p_lifecycle=0&p_p_state=normal&p_p_mode=view&_iniciativas_mode=mostrarDetalle&_iniciativas_legislatura=XIV&_iniciativas_id=121/000125
22/11/2022,Presupuestos Generales del Estado,"Sección 12 (Ministerio de Asuntos Exteriores, Unión Europea y Cooperación)  null","Sumelzo Jordán, Susana",GS,No,11,175,106,57,https://www.congreso.es/es/busqueda-de-iniciativas?p_p_id=iniciativas&p_p_lifecycle=0&p_p_state=normal&p_p_mode=view&_iniciativas_mode=mostrarDetalle&_iniciativas_legislatura=XIV&_iniciativas_id=121/000125
22/11/2022,Presupuestos Generales del Estado,"Sección 12 (Ministerio de Asuntos Exteriores, Unión Europea y Cooperación)  null","Guijarro Ceballos, María",GS,No,11,175,106,57,https://www.congreso.es/es/busqueda-de-iniciativas?p_p_id=iniciativas&p_p_lifecycle=0&p_p_state=normal&p_p_mode=view&_iniciativas_mode=mostrarDetalle&_iniciativas_legislatura=XIV&_iniciativas_id=121/000125
22/11/2022,Presupuestos Generales del Estado,"Sección 12 (Ministerio de Asuntos Exteriores, Unión Europea y Cooperación)  null","Seva Ruiz, Yolanda",GS,No,11,175,106,57,https://www.congreso.es/es/busqueda-de-iniciativas?p_p_id=iniciativas&p_p_lifecycle=0&p_p_state=normal&p_p_mode=view&_iniciativas_mode=mostrarDetalle&_iniciativas_legislatura=XIV&_iniciativas_id=121/000125
22/11/2022,Presupuestos Generales del Estado,"Sección 12 (Ministerio de Asuntos Exteriores, Unión Europea y Cooperación)  null","Belarra Urteaga, Ione",GCUP-EC-GC,No,11,175,106,57,https://www.congreso.es/es/busqueda-de-iniciativas?p_p_id=iniciativas&p_p_lifecycle=0&p_p_state=normal&p_p_mode=view&_iniciativas_mode=mostrarDetalle&_iniciativas_legislatura=XIV&_iniciativas_id=121/000125
22/11/2022,Presupuestos Generales del Estado,"Sección 12 (Ministerio de Asuntos Exteriores, Unión Europea y Cooperación)  null","Soler Mur, Alejandro",GS,No,11,175,106,57,https://www.congreso.es/es/busqueda-de-iniciativas?p_p_id=iniciativas&p_p_lifecycle=0&p_p_state=normal&p_p_mode=view&_iniciativas_mode=mostrarDetalle&_iniciativas_legislatura=XIV&_iniciativas_id=121/000125
22/11/2022,Presupuestos Generales del Estado,"Sección 12 (Ministerio de Asuntos Exteriores, Unión Europea y Cooperación)  null","Narváez Bandera, María Dolores",GS,No,11,175,106,57,https://www.congreso.es/es/busqueda-de-iniciativas?p_p_id=iniciativas&p_p_lifecycle=0&p_p_state=normal&p_p_mode=view&_iniciativas_mode=mostrarDetalle&_iniciativas_legislatura=XIV&_iniciativas_id=121/000125
22/11/2022,Presupuestos Generales del Estado,"Sección 12 (Ministerio de Asuntos Exteriores, Unión Europea y Cooperación)  null","Serrano Martínez, Juan Francisco",GS,No,11,175,106,57,https://www.congreso.es/es/busqueda-de-iniciativas?p_p_id=iniciativas&p_p_lifecycle=0&p_p_state=normal&p_p_mode=view&_iniciativas_mode=mostrarDetalle&_iniciativas_legislatura=XIV&_iniciativas_id=121/000125
22/11/2022,Presupuestos Generales del Estado,"Sección 12 (Ministerio de Asuntos Exteriores, Unión Europea y Cooperación)  null","Oramas González-Moro, Ana María",GMx,No,11,175,106,57,https://www.congreso.es/es/busqueda-de-iniciativas?p_p_id=iniciativas&p_p_lifecycle=0&p_p_state=normal&p_p_mode=view&_iniciativas_mode=mostrarDetalle&_iniciativas_legislatura=XIV&_iniciativas_id=121/000125
22/11/2022,Presupuestos Generales del Estado,"Sección 12 (Ministerio de Asuntos Exteriores, Unión Europea y Cooperación)  null","Cerdán León, Santos",GS,No,11,175,106,57,https://www.congreso.es/es/busqueda-de-iniciativas?p_p_id=iniciativas&p_p_lifecycle=0&p_p_state=normal&p_p_mode=view&_iniciativas_mode=mostrarDetalle&_iniciativas_legislatura=XIV&_iniciativas_id=121/000125
22/11/2022,Presupuestos Generales del Estado,"Sección 12 (Ministerio de Asuntos Exteriores, Unión Europea y Cooperación)  null","González Pérez, Ariagona",GS,No,11,175,106,57,https://www.congreso.es/es/busqueda-de-iniciativas?p_p_id=iniciativas&p_p_lifecycle=0&p_p_state=normal&p_p_mode=view&_iniciativas_mode=mostrarDetalle&_iniciativas_legislatura=XIV&_iniciativas_id=121/000125
22/11/2022,Presupuestos Generales del Estado,"Sección 12 (Ministerio de Asuntos Exteriores, Unión Europea y Cooperación)  null","Rodríguez Gómez de Celis, Alfonso",GS,No,11,175,106,57,https://www.congreso.es/es/busqueda-de-iniciativas?p_p_id=iniciativas&p_p_lifecycle=0&p_p_state=normal&p_p_mode=view&_iniciativas_mode=mostrarDetalle&_iniciativas_legislatura=XIV&_iniciativas_id=121/000125
22/11/2022,Presupuestos Generales del Estado,"Sección 12 (Ministerio de Asuntos Exteriores, Unión Europea y Cooperación)  null","Giménez Giménez, Sara",GCs,No,11,175,106,57,https://www.congreso.es/es/busqueda-de-iniciativas?p_p_id=iniciativas&p_p_lifecycle=0&p_p_state=normal&p_p_mode=view&_iniciativas_mode=mostrarDetalle&_iniciativas_legislatura=XIV&_iniciativas_id=121/000125
22/11/2022,Presupuestos Generales del Estado,"Sección 12 (Ministerio de Asuntos Exteriores, Unión Europea y Cooperación)  null","Díaz Pérez, Yolanda",GCUP-EC-GC,No,11,175,106,57,https://www.congreso.es/es/busqueda-de-iniciativas?p_p_id=iniciativas&p_p_lifecycle=0&p_p_state=normal&p_p_mode=view&_iniciativas_mode=mostrarDetalle&_iniciativas_legislatura=XIV&_iniciativas_id=121/000125
22/11/2022,Presupuestos Generales del Estado,"Sección 12 (Ministerio de Asuntos Exteriores, Unión Europea y Cooperación)  null","Padilla Ruiz, Esther",GS,No,11,175,106,57,https://www.congreso.es/es/busqueda-de-iniciativas?p_p_id=iniciativas&p_p_lifecycle=0&p_p_state=normal&p_p_mode=view&_iniciativas_mode=mostrarDetalle&_iniciativas_legislatura=XIV&_iniciativas_id=121/000125
22/11/2022,Presupuestos Generales del Estado,"Sección 12 (Ministerio de Asuntos Exteriores, Unión Europea y Cooperación)  null","Gómez-Reino Varela, Antonio",GCUP-EC-GC,No,11,175,106,57,https://www.congreso.es/es/busqueda-de-iniciativas?p_p_id=iniciativas&p_p_lifecycle=0&p_p_state=normal&p_p_mode=view&_iniciativas_mode=mostrarDetalle&_iniciativas_legislatura=XIV&_iniciativas_id=121/000125
22/11/2022,Presupuestos Generales del Estado,"Sección 12 (Ministerio de Asuntos Exteriores, Unión Europea y Cooperación)  null","Ramos Esteban, César Joaquín",GS,No,11,175,106,57,https://www.congreso.es/es/busqueda-de-iniciativas?p_p_id=iniciativas&p_p_lifecycle=0&p_p_state=normal&p_p_mode=view&_iniciativas_mode=mostrarDetalle&_iniciativas_legislatura=XIV&_iniciativas_id=121/000125
22/11/2022,Presupuestos Generales del Estado,"Sección 12 (Ministerio de Asuntos Exteriores, Unión Europea y Cooperación)  null","Gutiérrez Prieto, Sergio",GS,No,11,175,106,57,https://www.congreso.es/es/busqueda-de-iniciativas?p_p_id=iniciativas&p_p_lifecycle=0&p_p_state=normal&p_p_mode=view&_iniciativas_mode=mostrarDetalle&_iniciativas_legislatura=XIV&_iniciativas_id=121/000125
22/11/2022,Presupuestos Generales del Estado,"Sección 12 (Ministerio de Asuntos Exteriores, Unión Europea y Cooperación)  null","Zaragoza Alonso, José",GS,No,11,175,106,57,https://www.congreso.es/es/busqueda-de-iniciativas?p_p_id=iniciativas&p_p_lifecycle=0&p_p_state=normal&p_p_mode=view&_iniciativas_mode=mostrarDetalle&_iniciativas_legislatura=XIV&_iniciativas_id=121/000125
22/11/2022,Presupuestos Generales del Estado,"Sección 12 (Ministerio de Asuntos Exteriores, Unión Europea y Cooperación)  null","Ramírez Carner, Arnau",GS,No,11,175,106,57,https://www.congreso.es/es/busqueda-de-iniciativas?p_p_id=iniciativas&p_p_lifecycle=0&p_p_state=normal&p_p_mode=view&_iniciativas_mode=mostrarDetalle&_iniciativas_legislatura=XIV&_iniciativas_id=121/000125
22/11/2022,Presupuestos Generales del Estado,"Sección 12 (Ministerio de Asuntos Exteriores, Unión Europea y Cooperación)  null","Aranda Vargas, Francisco",GS,No,11,175,106,57,https://www.congreso.es/es/busqueda-de-iniciativas?p_p_id=iniciativas&p_p_lifecycle=0&p_p_state=normal&p_p_mode=view&_iniciativas_mode=mostrarDetalle&_iniciativas_legislatura=XIV&_iniciativas_id=121/000125
22/11/2022,Presupuestos Generales del Estado,"Sección 12 (Ministerio de Asuntos Exteriores, Unión Europea y Cooperación)  null","Mínguez García, Montse",GS,No,11,175,106,57,https://www.congreso.es/es/busqueda-de-iniciativas?p_p_id=iniciativas&p_p_lifecycle=0&p_p_state=normal&p_p_mode=view&_iniciativas_mode=mostrarDetalle&_iniciativas_legislatura=XIV&_iniciativas_id=121/000125
22/11/2022,Presupuestos Generales del Estado,"Sección 12 (Ministerio de Asuntos Exteriores, Unión Europea y Cooperación)  null","Lamuà Estañol, Marc",GS,No,11,175,106,57,https://www.congreso.es/es/busqueda-de-iniciativas?p_p_id=iniciativas&p_p_lifecycle=0&p_p_state=normal&p_p_mode=view&_iniciativas_mode=mostrarDetalle&_iniciativas_legislatura=XIV&_iniciativas_id=121/000125
22/11/2022,Presupuestos Generales del Estado,"Sección 12 (Ministerio de Asuntos Exteriores, Unión Europea y Cooperación)  null","Guinart Moreno, Lídia",GS,No,11,175,106,57,https://www.congreso.es/es/busqueda-de-iniciativas?p_p_id=iniciativas&p_p_lifecycle=0&p_p_state=normal&p_p_mode=view&_iniciativas_mode=mostrarDetalle&_iniciativas_legislatura=XIV&_iniciativas_id=121/000125
22/11/2022,Presupuestos Generales del Estado,"Sección 12 (Ministerio de Asuntos Exteriores, Unión Europea y Cooperación)  null","Perea i Conillas, María Mercè",GS,No,11,175,106,57,https://www.congreso.es/es/busqueda-de-iniciativas?p_p_id=iniciativas&p_p_lifecycle=0&p_p_state=normal&p_p_mode=view&_iniciativas_mode=mostrarDetalle&_iniciativas_legislatura=XIV&_iniciativas_id=121/000125
22/11/2022,Presupuestos Generales del Estado,"Sección 12 (Ministerio de Asuntos Exteriores, Unión Europea y Cooperación)  null","Andrés Añón, Carmen",GS,No,11,175,106,57,https://www.congreso.es/es/busqueda-de-iniciativas?p_p_id=iniciativas&p_p_lifecycle=0&p_p_state=normal&p_p_mode=view&_iniciativas_mode=mostrarDetalle&_iniciativas_legislatura=XIV&_iniciativas_id=121/000125
22/11/2022,Presupuestos Generales del Estado,"Sección 12 (Ministerio de Asuntos Exteriores, Unión Europea y Cooperación)  null","López de Uralde Garmendia, Juan Antonio",GCUP-EC-GC,No,11,175,106,57,https://www.congreso.es/es/busqueda-de-iniciativas?p_p_id=iniciativas&p_p_lifecycle=0&p_p_state=normal&p_p_mode=view&_iniciativas_mode=mostrarDetalle&_iniciativas_legislatura=XIV&_iniciativas_id=121/000125
22/11/2022,Presupuestos Generales del Estado,"Sección 12 (Ministerio de Asuntos Exteriores, Unión Europea y Cooperación)  null","Uriarte Torrealday, Roberto",GCUP-EC-GC,No,11,175,106,57,https://www.congreso.es/es/busqueda-de-iniciativas?p_p_id=iniciativas&p_p_lifecycle=0&p_p_state=normal&p_p_mode=view&_iniciativas_mode=mostrarDetalle&_iniciativas_legislatura=XIV&_iniciativas_id=121/000125
22/11/2022,Presupuestos Generales del Estado,"Sección 12 (Ministerio de Asuntos Exteriores, Unión Europea y Cooperación)  null","Guaita Esteruelas, Sandra",GS,No,11,175,106,57,https://www.congreso.es/es/busqueda-de-iniciativas?p_p_id=iniciativas&p_p_lifecycle=0&p_p_state=normal&p_p_mode=view&_iniciativas_mode=mostrarDetalle&_iniciativas_legislatura=XIV&_iniciativas_id=121/000125
22/11/2022,Presupuestos Generales del Estado,"Sección 12 (Ministerio de Asuntos Exteriores, Unión Europea y Cooperación)  null","Ruiz i Carbonell, Joan",GS,No,11,175,106,57,https://www.congreso.es/es/busqueda-de-iniciativas?p_p_id=iniciativas&p_p_lifecycle=0&p_p_state=normal&p_p_mode=view&_iniciativas_mode=mostrarDetalle&_iniciativas_legislatura=XIV&_iniciativas_id=121/000125
22/11/2022,Presupuestos Generales del Estado,"Sección 12 (Ministerio de Asuntos Exteriores, Unión Europea y Cooperación)  null","Garrido Gutiérrez, Pilar",GCUP-EC-GC,No,11,175,106,57,https://www.congreso.es/es/busqueda-de-iniciativas?p_p_id=iniciativas&p_p_lifecycle=0&p_p_state=normal&p_p_mode=view&_iniciativas_mode=mostrarDetalle&_iniciativas_legislatura=XIV&_iniciativas_id=121/000125
22/11/2022,Presupuestos Generales del Estado,"Sección 12 (Ministerio de Asuntos Exteriores, Unión Europea y Cooperación)  null","Bal Francés, Edmundo",GCs,No,11,175,106,57,https://www.congreso.es/es/busqueda-de-iniciativas?p_p_id=iniciativas&p_p_lifecycle=0&p_p_state=normal&p_p_mode=view&_iniciativas_mode=mostrarDetalle&_iniciativas_legislatura=XIV&_iniciativas_id=121/000125
22/11/2022,Presupuestos Generales del Estado,"Sección 12 (Ministerio de Asuntos Exteriores, Unión Europea y Cooperación)  null","Batet Lamaña, Meritxell",GS,No,11,175,106,57,https://www.congreso.es/es/busqueda-de-iniciativas?p_p_id=iniciativas&p_p_lifecycle=0&p_p_state=normal&p_p_mode=view&_iniciativas_mode=mostrarDetalle&_iniciativas_legislatura=XIV&_iniciativas_id=121/000125
22/11/2022,Presupuestos Generales del Estado,"Sección 12 (Ministerio de Asuntos Exteriores, Unión Europea y Cooperación)  null","Ramos Rodríguez, José Luis",GS,No,11,175,106,57,https://www.congreso.es/es/busqueda-de-iniciativas?p_p_id=iniciativas&p_p_lifecycle=0&p_p_state=normal&p_p_mode=view&_iniciativas_mode=mostrarDetalle&_iniciativas_legislatura=XIV&_iniciativas_id=121/000125
22/11/2022,Presupuestos Generales del Estado,"Sección 12 (Ministerio de Asuntos Exteriores, Unión Europea y Cooperación)  null","Diouf Dioh, Luc Andre",GS,No,11,175,106,57,https://www.congreso.es/es/busqueda-de-iniciativas?p_p_id=iniciativas&p_p_lifecycle=0&p_p_state=normal&p_p_mode=view&_iniciativas_mode=mostrarDetalle&_iniciativas_legislatura=XIV&_iniciativas_id=121/000125
22/11/2022,Presupuestos Generales del Estado,"Sección 12 (Ministerio de Asuntos Exteriores, Unión Europea y Cooperación)  null","González Caballero, Miguel Ángel",GS,No,11,175,106,57,https://www.congreso.es/es/busqueda-de-iniciativas?p_p_id=iniciativas&p_p_lifecycle=0&p_p_state=normal&p_p_mode=view&_iniciativas_mode=mostrarDetalle&_iniciativas_legislatura=XIV&_iniciativas_id=121/000125
22/11/2022,Presupuestos Generales del Estado,"Sección 12 (Ministerio de Asuntos Exteriores, Unión Europea y Cooperación)  null","Pons Sampietro, Pere Joan",GS,No,11,175,106,57,https://www.congreso.es/es/busqueda-de-iniciativas?p_p_id=iniciativas&p_p_lifecycle=0&p_p_state=normal&p_p_mode=view&_iniciativas_mode=mostrarDetalle&_iniciativas_legislatura=XIV&_iniciativas_id=121/000125
22/11/2022,Presupuestos Generales del Estado,"Sección 12 (Ministerio de Asuntos Exteriores, Unión Europea y Cooperación)  null","López Zamora, Cristina",GS,No,11,175,106,57,https://www.congreso.es/es/busqueda-de-iniciativas?p_p_id=iniciativas&p_p_lifecycle=0&p_p_state=normal&p_p_mode=view&_iniciativas_mode=mostrarDetalle&_iniciativas_legislatura=XIV&_iniciativas_id=121/000125
22/11/2022,Presupuestos Generales del Estado,"Sección 12 (Ministerio de Asuntos Exteriores, Unión Europea y Cooperación)  null","Montero Cuadrado, María Jesús",GS,No,11,175,106,57,https://www.congreso.es/es/busqueda-de-iniciativas?p_p_id=iniciativas&p_p_lifecycle=0&p_p_state=normal&p_p_mode=view&_iniciativas_mode=mostrarDetalle&_iniciativas_legislatura=XIV&_iniciativas_id=121/000125
22/11/2022,Presupuestos Generales del Estado,"Sección 12 (Ministerio de Asuntos Exteriores, Unión Europea y Cooperación)  null","García Gómez, Valentín",GS,No,11,175,106,57,https://www.congreso.es/es/busqueda-de-iniciativas?p_p_id=iniciativas&p_p_lifecycle=0&p_p_state=normal&p_p_mode=view&_iniciativas_mode=mostrarDetalle&_iniciativas_legislatura=XIV&_iniciativas_id=121/000125
22/11/2022,Presupuestos Generales del Estado,"Sección 12 (Ministerio de Asuntos Exteriores, Unión Europea y Cooperación)  null","Sánchez Escobar, Mariano",GS,No,11,175,106,57,https://www.congreso.es/es/busqueda-de-iniciativas?p_p_id=iniciativas&p_p_lifecycle=0&p_p_state=normal&p_p_mode=view&_iniciativas_mode=mostrarDetalle&_iniciativas_legislatura=XIV&_iniciativas_id=121/000125
22/11/2022,Presupuestos Generales del Estado,"Sección 12 (Ministerio de Asuntos Exteriores, Unión Europea y Cooperación)  null","Fernández Casero, Ana Belén",GS,No,11,175,106,57,https://www.congreso.es/es/busqueda-de-iniciativas?p_p_id=iniciativas&p_p_lifecycle=0&p_p_state=normal&p_p_mode=view&_iniciativas_mode=mostrarDetalle&_iniciativas_legislatura=XIV&_iniciativas_id=121/000125
22/11/2022,Presupuestos Generales del Estado,"Sección 12 (Ministerio de Asuntos Exteriores, Unión Europea y Cooperación)  null","García Morís, Roberto",GS,No,11,175,106,57,https://www.congreso.es/es/busqueda-de-iniciativas?p_p_id=iniciativas&p_p_lifecycle=0&p_p_state=normal&p_p_mode=view&_iniciativas_mode=mostrarDetalle&_iniciativas_legislatura=XIV&_iniciativas_id=121/000125
22/11/2022,Presupuestos Generales del Estado,"Sección 12 (Ministerio de Asuntos Exteriores, Unión Europea y Cooperación)  null","Velarde Gómez, Martina",GCUP-EC-GC,No,11,175,106,57,https://www.congreso.es/es/busqueda-de-iniciativas?p_p_id=iniciativas&p_p_lifecycle=0&p_p_state=normal&p_p_mode=view&_iniciativas_mode=mostrarDetalle&_iniciativas_legislatura=XIV&_iniciativas_id=121/000125
22/11/2022,Presupuestos Generales del Estado,"Sección 12 (Ministerio de Asuntos Exteriores, Unión Europea y Cooperación)  null","Botella Gómez, Ana María",GS,No,11,175,106,57,https://www.congreso.es/es/busqueda-de-iniciativas?p_p_id=iniciativas&p_p_lifecycle=0&p_p_state=normal&p_p_mode=view&_iniciativas_mode=mostrarDetalle&_iniciativas_legislatura=XIV&_iniciativas_id=121/000125
22/11/2022,Presupuestos Generales del Estado,"Sección 12 (Ministerio de Asuntos Exteriores, Unión Europea y Cooperación)  null","Martínez Seijo, María Luz",GS,No,11,175,106,57,https://www.congreso.es/es/busqueda-de-iniciativas?p_p_id=iniciativas&p_p_lifecycle=0&p_p_state=normal&p_p_mode=view&_iniciativas_mode=mostrarDetalle&_iniciativas_legislatura=XIV&_iniciativas_id=121/000125
22/11/2022,Presupuestos Generales del Estado,"Sección 12 (Ministerio de Asuntos Exteriores, Unión Europea y Cooperación)  null","Faneca López, María Luisa",GS,No,11,175,106,57,https://www.congreso.es/es/busqueda-de-iniciativas?p_p_id=iniciativas&p_p_lifecycle=0&p_p_state=normal&p_p_mode=view&_iniciativas_mode=mostrarDetalle&_iniciativas_legislatura=XIV&_iniciativas_id=121/000125
22/11/2022,Presupuestos Generales del Estado,"Sección 12 (Ministerio de Asuntos Exteriores, Unión Europea y Cooperación)  null","Espejo-Saavedra Conesa, José María",GCs,No,11,175,106,57,https://www.congreso.es/es/busqueda-de-iniciativas?p_p_id=iniciativas&p_p_lifecycle=0&p_p_state=normal&p_p_mode=view&_iniciativas_mode=mostrarDetalle&_iniciativas_legislatura=XIV&_iniciativas_id=121/000125
22/11/2022,Presupuestos Generales del Estado,"Sección 12 (Ministerio de Asuntos Exteriores, Unión Europea y Cooperación)  null","Calvo Poyato, Carmen",GS,No,11,175,106,57,https://www.congreso.es/es/busqueda-de-iniciativas?p_p_id=iniciativas&p_p_lifecycle=0&p_p_state=normal&p_p_mode=view&_iniciativas_mode=mostrarDetalle&_iniciativas_legislatura=XIV&_iniciativas_id=121/000125
22/11/2022,Presupuestos Generales del Estado,"Sección 12 (Ministerio de Asuntos Exteriores, Unión Europea y Cooperación)  null","Sicilia Alférez, Felipe Jesús",GS,No,11,175,106,57,https://www.congreso.es/es/busqueda-de-iniciativas?p_p_id=iniciativas&p_p_lifecycle=0&p_p_state=normal&p_p_mode=view&_iniciativas_mode=mostrarDetalle&_iniciativas_legislatura=XIV&_iniciativas_id=121/000125
22/11/2022,Presupuestos Generales del Estado,"Sección 12 (Ministerio de Asuntos Exteriores, Unión Europea y Cooperación)  null","López Domínguez, Laura",GCUP-EC-GC,No,11,175,106,57,https://www.congreso.es/es/busqueda-de-iniciativas?p_p_id=iniciativas&p_p_lifecycle=0&p_p_state=normal&p_p_mode=view&_iniciativas_mode=mostrarDetalle&_iniciativas_legislatura=XIV&_iniciativas_id=121/000125
22/11/2022,Presupuestos Generales del Estado,"Sección 12 (Ministerio de Asuntos Exteriores, Unión Europea y Cooperación)  null","Mena Arca, Joan",GCUP-EC-GC,No,11,175,106,57,https://www.congreso.es/es/busqueda-de-iniciativas?p_p_id=iniciativas&p_p_lifecycle=0&p_p_state=normal&p_p_mode=view&_iniciativas_mode=mostrarDetalle&_iniciativas_legislatura=XIV&_iniciativas_id=121/000125
22/11/2022,Presupuestos Generales del Estado,"Sección 12 (Ministerio de Asuntos Exteriores, Unión Europea y Cooperación)  null","García Puig, María del Mar",GCUP-EC-GC,No,11,175,106,57,https://www.congreso.es/es/busqueda-de-iniciativas?p_p_id=iniciativas&p_p_lifecycle=0&p_p_state=normal&p_p_mode=view&_iniciativas_mode=mostrarDetalle&_iniciativas_legislatura=XIV&_iniciativas_id=121/000125
22/11/2022,Presupuestos Generales del Estado,"Sección 12 (Ministerio de Asuntos Exteriores, Unión Europea y Cooperación)  null","Vidal Sáez, Aina",GCUP-EC-GC,No,11,175,106,57,https://www.congreso.es/es/busqueda-de-iniciativas?p_p_id=iniciativas&p_p_lifecycle=0&p_p_state=normal&p_p_mode=view&_iniciativas_mode=mostrarDetalle&_iniciativas_legislatura=XIV&_iniciativas_id=121/000125
22/11/2022,Presupuestos Generales del Estado,"Sección 12 (Ministerio de Asuntos Exteriores, Unión Europea y Cooperación)  null","Ábalos Meco, José Luis",GS,No,11,175,106,57,https://www.congreso.es/es/busqueda-de-iniciativas?p_p_id=iniciativas&p_p_lifecycle=0&p_p_state=normal&p_p_mode=view&_iniciativas_mode=mostrarDetalle&_iniciativas_legislatura=XIV&_iniciativas_id=121/000125
22/11/2022,Presupuestos Generales del Estado,"Sección 12 (Ministerio de Asuntos Exteriores, Unión Europea y Cooperación)  null","Carcedo Roces, María Luisa",GS,No,11,175,106,57,https://www.congreso.es/es/busqueda-de-iniciativas?p_p_id=iniciativas&p_p_lifecycle=0&p_p_state=normal&p_p_mode=view&_iniciativas_mode=mostrarDetalle&_iniciativas_legislatura=XIV&_iniciativas_id=121/000125
22/11/2022,Presupuestos Generales del Estado,"Sección 12 (Ministerio de Asuntos Exteriores, Unión Europea y Cooperación)  null","Fernández Castañón, Sofía",GCUP-EC-GC,No,11,175,106,57,https://www.congreso.es/es/busqueda-de-iniciativas?p_p_id=iniciativas&p_p_lifecycle=0&p_p_state=normal&p_p_mode=view&_iniciativas_mode=mostrarDetalle&_iniciativas_legislatura=XIV&_iniciativas_id=121/000125
22/11/2022,Presupuestos Generales del Estado,"Sección 12 (Ministerio de Asuntos Exteriores, Unión Europea y Cooperación)  null","Rodríguez Gómez, María del Pilar",GS,No,11,175,106,57,https://www.congreso.es/es/busqueda-de-iniciativas?p_p_id=iniciativas&p_p_lifecycle=0&p_p_state=normal&p_p_mode=view&_iniciativas_mode=mostrarDetalle&_iniciativas_legislatura=XIV&_iniciativas_id=121/000125
22/11/2022,Presupuestos Generales del Estado,"Sección 12 (Ministerio de Asuntos Exteriores, Unión Europea y Cooperación)  null","Soto Burillo, Juan Luis",GS,No,11,175,106,57,https://www.congreso.es/es/busqueda-de-iniciativas?p_p_id=iniciativas&p_p_lifecycle=0&p_p_state=normal&p_p_mode=view&_iniciativas_mode=mostrarDetalle&_iniciativas_legislatura=XIV&_iniciativas_id=121/000125
22/11/2022,Presupuestos Generales del Estado,"Sección 12 (Ministerio de Asuntos Exteriores, Unión Europea y Cooperación)  null","Sánchez Jódar, Marisol",GS,No,11,175,106,57,https://www.congreso.es/es/busqueda-de-iniciativas?p_p_id=iniciativas&p_p_lifecycle=0&p_p_state=normal&p_p_mode=view&_iniciativas_mode=mostrarDetalle&_iniciativas_legislatura=XIV&_iniciativas_id=121/000125
22/11/2022,Presupuestos Generales del Estado,"Sección 12 (Ministerio de Asuntos Exteriores, Unión Europea y Cooperación)  null","Carrillo de los Reyes, Beatriz Micaela",GS,No,11,175,106,57,https://www.congreso.es/es/busqueda-de-iniciativas?p_p_id=iniciativas&p_p_lifecycle=0&p_p_state=normal&p_p_mode=view&_iniciativas_mode=mostrarDetalle&_iniciativas_legislatura=XIV&_iniciativas_id=121/000125
22/11/2022,Presupuestos Generales del Estado,"Sección 12 (Ministerio de Asuntos Exteriores, Unión Europea y Cooperación)  null","Bravo Barco, Eva",GS,No,11,175,106,57,https://www.congreso.es/es/busqueda-de-iniciativas?p_p_id=iniciativas&p_p_lifecycle=0&p_p_state=normal&p_p_mode=view&_iniciativas_mode=mostrarDetalle&_iniciativas_legislatura=XIV&_iniciativas_id=121/000125
22/11/2022,Presupuestos Generales del Estado,"Sección 12 (Ministerio de Asuntos Exteriores, Unión Europea y Cooperación)  null","Maestro Moliner, Roser",GCUP-EC-GC,No,11,175,106,57,https://www.congreso.es/es/busqueda-de-iniciativas?p_p_id=iniciativas&p_p_lifecycle=0&p_p_state=normal&p_p_mode=view&_iniciativas_mode=mostrarDetalle&_iniciativas_legislatura=XIV&_iniciativas_id=121/000125
22/11/2022,Presupuestos Generales del Estado,"Sección 12 (Ministerio de Asuntos Exteriores, Unión Europea y Cooperación)  null","Simancas Simancas, Rafael",GS,No,11,175,106,57,https://www.congreso.es/es/busqueda-de-iniciativas?p_p_id=iniciativas&p_p_lifecycle=0&p_p_state=normal&p_p_mode=view&_iniciativas_mode=mostrarDetalle&_iniciativas_legislatura=XIV&_iniciativas_id=121/000125
22/11/2022,Presupuestos Generales del Estado,"Sección 12 (Ministerio de Asuntos Exteriores, Unión Europea y Cooperación)  null","Hernanz Costa, Sofía",GS,No,11,175,106,57,https://www.congreso.es/es/busqueda-de-iniciativas?p_p_id=iniciativas&p_p_lifecycle=0&p_p_state=normal&p_p_mode=view&_iniciativas_mode=mostrarDetalle&_iniciativas_legislatura=XIV&_iniciativas_id=121/000125
22/11/2022,Presupuestos Generales del Estado,"Sección 12 (Ministerio de Asuntos Exteriores, Unión Europea y Cooperación)  null","Pisarello Prados, Gerardo",GCUP-EC-GC,No,11,175,106,57,https://www.congreso.es/es/busqueda-de-iniciativas?p_p_id=iniciativas&p_p_lifecycle=0&p_p_state=normal&p_p_mode=view&_iniciativas_mode=mostrarDetalle&_iniciativas_legislatura=XIV&_iniciativas_id=121/000125
22/11/2022,Presupuestos Generales del Estado,"Sección 12 (Ministerio de Asuntos Exteriores, Unión Europea y Cooperación)  null","Asens Llodrà, Jaume",GCUP-EC-GC,No,11,175,106,57,https://www.congreso.es/es/busqueda-de-iniciativas?p_p_id=iniciativas&p_p_lifecycle=0&p_p_state=normal&p_p_mode=view&_iniciativas_mode=mostrarDetalle&_iniciativas_legislatura=XIV&_iniciativas_id=121/000125
22/11/2022,Presupuestos Generales del Estado,"Sección 12 (Ministerio de Asuntos Exteriores, Unión Europea y Cooperación)  null","Elizo Serrano, María Gloria",GCUP-EC-GC,No,11,175,106,57,https://www.congreso.es/es/busqueda-de-iniciativas?p_p_id=iniciativas&p_p_lifecycle=0&p_p_state=normal&p_p_mode=view&_iniciativas_mode=mostrarDetalle&_iniciativas_legislatura=XIV&_iniciativas_id=121/000125
22/11/2022,Presupuestos Generales del Estado,"Sección 12 (Ministerio de Asuntos Exteriores, Unión Europea y Cooperación)  null","Cuatrecasas Asua, Juan",GS,No,11,175,106,57,https://www.congreso.es/es/busqueda-de-iniciativas?p_p_id=iniciativas&p_p_lifecycle=0&p_p_state=normal&p_p_mode=view&_iniciativas_mode=mostrarDetalle&_iniciativas_legislatura=XIV&_iniciativas_id=121/000125
22/11/2022,Presupuestos Generales del Estado,"Sección 12 (Ministerio de Asuntos Exteriores, Unión Europea y Cooperación)  null","García Chavarría, María Montserrat",GS,No,11,175,106,57,https://www.congreso.es/es/busqueda-de-iniciativas?p_p_id=iniciativas&p_p_lifecycle=0&p_p_state=normal&p_p_mode=view&_iniciativas_mode=mostrarDetalle&_iniciativas_legislatura=XIV&_iniciativas_id=121/000125
22/11/2022,Presupuestos Generales del Estado,"Sección 12 (Ministerio de Asuntos Exteriores, Unión Europea y Cooperación)  null","Sancho Guardia, Alfredo",GS,No,11,175,106,57,https://www.congreso.es/es/busqueda-de-iniciativas?p_p_id=iniciativas&p_p_lifecycle=0&p_p_state=normal&p_p_mode=view&_iniciativas_mode=mostrarDetalle&_iniciativas_legislatura=XIV&_iniciativas_id=121/000125
22/11/2022,Presupuestos Generales del Estado,"Sección 12 (Ministerio de Asuntos Exteriores, Unión Europea y Cooperación)  null","Nasarre Oliva, Begoña",GS,No,11,175,106,57,https://www.congreso.es/es/busqueda-de-iniciativas?p_p_id=iniciativas&p_p_lifecycle=0&p_p_state=normal&p_p_mode=view&_iniciativas_mode=mostrarDetalle&_iniciativas_legislatura=XIV&_iniciativas_id=121/000125
22/11/2022,Presupuestos Generales del Estado,"Sección 12 (Ministerio de Asuntos Exteriores, Unión Europea y Cooperación)  null","Bueno Campanario, Eva Patricia",GS,No,11,175,106,57,https://www.congreso.es/es/busqueda-de-iniciativas?p_p_id=iniciativas&p_p_lifecycle=0&p_p_state=normal&p_p_mode=view&_iniciativas_mode=mostrarDetalle&_iniciativas_legislatura=XIV&_iniciativas_id=121/000125
22/11/2022,Presupuestos Generales del Estado,"Sección 12 (Ministerio de Asuntos Exteriores, Unión Europea y Cooperación)  null","Caballero Gutiérrez, Helena",GS,No,11,175,106,57,https://www.congreso.es/es/busqueda-de-iniciativas?p_p_id=iniciativas&p_p_lifecycle=0&p_p_state=normal&p_p_mode=view&_iniciativas_mode=mostrarDetalle&_iniciativas_legislatura=XIV&_iniciativas_id=121/000125
22/11/2022,Presupuestos Generales del Estado,"Sección 12 (Ministerio de Asuntos Exteriores, Unión Europea y Cooperación)  null","Franco Carmona, Isabel",GCUP-EC-GC,No,11,175,106,57,https://www.congreso.es/es/busqueda-de-iniciativas?p_p_id=iniciativas&p_p_lifecycle=0&p_p_state=normal&p_p_mode=view&_iniciativas_mode=mostrarDetalle&_iniciativas_legislatura=XIV&_iniciativas_id=121/000125
22/11/2022,Presupuestos Generales del Estado,"Sección 12 (Ministerio de Asuntos Exteriores, Unión Europea y Cooperación)  null","Elorza González, Odón",GS,No,11,175,106,57,https://www.congreso.es/es/busqueda-de-iniciativas?p_p_id=iniciativas&p_p_lifecycle=0&p_p_state=normal&p_p_mode=view&_iniciativas_mode=mostrarDetalle&_iniciativas_legislatura=XIV&_iniciativas_id=121/000125
22/11/2022,Presupuestos Generales del Estado,"Sección 12 (Ministerio de Asuntos Exteriores, Unión Europea y Cooperación)  null","Montero Gil, Irene María",GCUP-EC-GC,No,11,175,106,57,https://www.congreso.es/es/busqueda-de-iniciativas?p_p_id=iniciativas&p_p_lifecycle=0&p_p_state=normal&p_p_mode=view&_iniciativas_mode=mostrarDetalle&_iniciativas_legislatura=XIV&_iniciativas_id=121/000125
22/11/2022,Presupuestos Generales del Estado,"Sección 12 (Ministerio de Asuntos Exteriores, Unión Europea y Cooperación)  null","Arrimadas García, Inés",GCs,No,11,175,106,57,https://www.congreso.es/es/busqueda-de-iniciativas?p_p_id=iniciativas&p_p_lifecycle=0&p_p_state=normal&p_p_mode=view&_iniciativas_mode=mostrarDetalle&_iniciativas_legislatura=XIV&_iniciativas_id=121/000125
22/11/2022,Presupuestos Generales del Estado,"Sección 12 (Ministerio de Asuntos Exteriores, Unión Europea y Cooperación)  null","Vilches Ruiz, María Luisa",GS,No,11,175,106,57,https://www.congreso.es/es/busqueda-de-iniciativas?p_p_id=iniciativas&p_p_lifecycle=0&p_p_state=normal&p_p_mode=view&_iniciativas_mode=mostrarDetalle&_iniciativas_legislatura=XIV&_iniciativas_id=121/000125
22/11/2022,Presupuestos Generales del Estado,"Sección 12 (Ministerio de Asuntos Exteriores, Unión Europea y Cooperación)  null","Muñoz Vidal, María",GCs,No,11,175,106,57,https://www.congreso.es/es/busqueda-de-iniciativas?p_p_id=iniciativas&p_p_lifecycle=0&p_p_state=normal&p_p_mode=view&_iniciativas_mode=mostrarDetalle&_iniciativas_legislatura=XIV&_iniciativas_id=121/000125
22/11/2022,Presupuestos Generales del Estado,"Sección 12 (Ministerio de Asuntos Exteriores, Unión Europea y Cooperación)  null","Jover Díaz, Antonia",GCUP-EC-GC,No,11,175,106,57,https://www.congreso.es/es/busqueda-de-iniciativas?p_p_id=iniciativas&p_p_lifecycle=0&p_p_state=normal&p_p_mode=view&_iniciativas_mode=mostrarDetalle&_iniciativas_legislatura=XIV&_iniciativas_id=121/000125
22/11/2022,Presupuestos Generales del Estado,"Sección 12 (Ministerio de Asuntos Exteriores, Unión Europea y Cooperación)  null","Muñoz Dalda, Lucía",GCUP-EC-GC,No,11,175,106,57,https://www.congreso.es/es/busqueda-de-iniciativas?p_p_id=iniciativas&p_p_lifecycle=0&p_p_state=normal&p_p_mode=view&_iniciativas_mode=mostrarDetalle&_iniciativas_legislatura=XIV&_iniciativas_id=121/000125
22/11/2022,Presupuestos Generales del Estado,"Sección 12 (Ministerio de Asuntos Exteriores, Unión Europea y Cooperación)  null","Mayoral Perales, Rafael",GCUP-EC-GC,No,11,175,106,57,https://www.congreso.es/es/busqueda-de-iniciativas?p_p_id=iniciativas&p_p_lifecycle=0&p_p_state=normal&p_p_mode=view&_iniciativas_mode=mostrarDetalle&_iniciativas_legislatura=XIV&_iniciativas_id=121/000125
22/11/2022,Presupuestos Generales del Estado,"Sección 12 (Ministerio de Asuntos Exteriores, Unión Europea y Cooperación)  null","Durán Peralta, José Carlos",GS,No,11,175,106,57,https://www.congreso.es/es/busqueda-de-iniciativas?p_p_id=iniciativas&p_p_lifecycle=0&p_p_state=normal&p_p_mode=view&_iniciativas_mode=mostrarDetalle&_iniciativas_legislatura=XIV&_iniciativas_id=121/000125
22/11/2022,Presupuestos Generales del Estado,"Sección 12 (Ministerio de Asuntos Exteriores, Unión Europea y Cooperación)  null","López Cano, Ignacio",GS,No,11,175,106,57,https://www.congreso.es/es/busqueda-de-iniciativas?p_p_id=iniciativas&p_p_lifecycle=0&p_p_state=normal&p_p_mode=view&_iniciativas_mode=mostrarDetalle&_iniciativas_legislatura=XIV&_iniciativas_id=121/000125
22/11/2022,Presupuestos Generales del Estado,"Sección 12 (Ministerio de Asuntos Exteriores, Unión Europea y Cooperación)  null","Guijarro García, Txema",GCUP-EC-GC,No,11,175,106,57,https://www.congreso.es/es/busqueda-de-iniciativas?p_p_id=iniciativas&p_p_lifecycle=0&p_p_state=normal&p_p_mode=view&_iniciativas_mode=mostrarDetalle&_iniciativas_legislatura=XIV&_iniciativas_id=121/000125
22/11/2022,Presupuestos Generales del Estado,"Sección 12 (Ministerio de Asuntos Exteriores, Unión Europea y Cooperación)  null","Casares Hontañón, Pedro",GS,No,11,175,106,57,https://www.congreso.es/es/busqueda-de-iniciativas?p_p_id=iniciativas&p_p_lifecycle=0&p_p_state=normal&p_p_mode=view&_iniciativas_mode=mostrarDetalle&_iniciativas_legislatura=XIV&_iniciativas_id=121/000125
22/11/2022,Presupuestos Generales del Estado,"Sección 12 (Ministerio de Asuntos Exteriores, Unión Europea y Cooperación)  null","Saavedra Muñoz, Marisa",GCUP-EC-GC,No,11,175,106,57,https://www.congreso.es/es/busqueda-de-iniciativas?p_p_id=iniciativas&p_p_lifecycle=0&p_p_state=normal&p_p_mode=view&_iniciativas_mode=mostrarDetalle&_iniciativas_legislatura=XIV&_iniciativas_id=121/000125
22/11/2022,Presupuestos Generales del Estado,"Sección 12 (Ministerio de Asuntos Exteriores, Unión Europea y Cooperación)  null","Cortés Gómez, Ismael",GCUP-EC-GC,No,11,175,106,57,https://www.congreso.es/es/busqueda-de-iniciativas?p_p_id=iniciativas&p_p_lifecycle=0&p_p_state=normal&p_p_mode=view&_iniciativas_mode=mostrarDetalle&_iniciativas_legislatura=XIV&_iniciativas_id=121/000125
22/11/2022,Presupuestos Generales del Estado,"Sección 12 (Ministerio de Asuntos Exteriores, Unión Europea y Cooperación)  null","Leal Fernández, Isaura",GS,No,11,175,106,57,https://www.congreso.es/es/busqueda-de-iniciativas?p_p_id=iniciativas&p_p_lifecycle=0&p_p_state=normal&p_p_mode=view&_iniciativas_mode=mostrarDetalle&_iniciativas_legislatura=XIV&_iniciativas_id=121/000125
22/11/2022,Presupuestos Generales del Estado,"Sección 12 (Ministerio de Asuntos Exteriores, Unión Europea y Cooperación)  null","Losada Fernández, José",GS,No,11,175,106,57,https://www.congreso.es/es/busqueda-de-iniciativas?p_p_id=iniciativas&p_p_lifecycle=0&p_p_state=normal&p_p_mode=view&_iniciativas_mode=mostrarDetalle&_iniciativas_legislatura=XIV&_iniciativas_id=121/000125
22/11/2022,Presupuestos Generales del Estado,"Sección 12 (Ministerio de Asuntos Exteriores, Unión Europea y Cooperación)  null","Anguita Pérez, Omar",GS,No,11,175,106,57,https://www.congreso.es/es/busqueda-de-iniciativas?p_p_id=iniciativas&p_p_lifecycle=0&p_p_state=normal&p_p_mode=view&_iniciativas_mode=mostrarDetalle&_iniciativas_legislatura=XIV&_iniciativas_id=121/000125
22/11/2022,Presupuestos Generales del Estado,"Sección 12 (Ministerio de Asuntos Exteriores, Unión Europea y Cooperación)  null","Medel Pérez, Rosa María",GCUP-EC-GC,No,11,175,106,57,https://www.congreso.es/es/busqueda-de-iniciativas?p_p_id=iniciativas&p_p_lifecycle=0&p_p_state=normal&p_p_mode=view&_iniciativas_mode=mostrarDetalle&_iniciativas_legislatura=XIV&_iniciativas_id=121/000125
22/11/2022,Presupuestos Generales del Estado,"Sección 12 (Ministerio de Asuntos Exteriores, Unión Europea y Cooperación)  null","Pita Cárdenes, María del Carmen",GMx,No,11,175,106,57,https://www.congreso.es/es/busqueda-de-iniciativas?p_p_id=iniciativas&p_p_lifecycle=0&p_p_state=normal&p_p_mode=view&_iniciativas_mode=mostrarDetalle&_iniciativas_legislatura=XIV&_iniciativas_id=121/000125
22/11/2022,Presupuestos Generales del Estado,"Sección 12 (Ministerio de Asuntos Exteriores, Unión Europea y Cooperación)  null","Guerra López, Sonia",GS,No,11,175,106,57,https://www.congreso.es/es/busqueda-de-iniciativas?p_p_id=iniciativas&p_p_lifecycle=0&p_p_state=normal&p_p_mode=view&_iniciativas_mode=mostrarDetalle&_iniciativas_legislatura=XIV&_iniciativas_id=121/000125
22/11/2022,Presupuestos Generales del Estado,"Sección 12 (Ministerio de Asuntos Exteriores, Unión Europea y Cooperación)  null","Fuentes Curbelo, Juan Bernardo",GS,No,11,175,106,57,https://www.congreso.es/es/busqueda-de-iniciativas?p_p_id=iniciativas&p_p_lifecycle=0&p_p_state=normal&p_p_mode=view&_iniciativas_mode=mostrarDetalle&_iniciativas_legislatura=XIV&_iniciativas_id=121/000125
22/11/2022,Presupuestos Generales del Estado,"Sección 12 (Ministerio de Asuntos Exteriores, Unión Europea y Cooperación)  null","Del Valle de Iscar, Julio",GS,No,11,175,106,57,https://www.congreso.es/es/busqueda-de-iniciativas?p_p_id=iniciativas&p_p_lifecycle=0&p_p_state=normal&p_p_mode=view&_iniciativas_mode=mostrarDetalle&_iniciativas_legislatura=XIV&_iniciativas_id=121/000125
22/11/2022,Presupuestos Generales del Estado,"Sección 12 (Ministerio de Asuntos Exteriores, Unión Europea y Cooperación)  null","José Vélez, Rafael",GS,No,11,175,106,57,https://www.congreso.es/es/busqueda-de-iniciativas?p_p_id=iniciativas&p_p_lifecycle=0&p_p_state=normal&p_p_mode=view&_iniciativas_mode=mostrarDetalle&_iniciativas_legislatura=XIV&_iniciativas_id=121/000125
22/11/2022,Presupuestos Generales del Estado,"Sección 12 (Ministerio de Asuntos Exteriores, Unión Europea y Cooperación)  null","Pedraja Sáinz, Raquel",GS,No,11,175,106,57,https://www.congreso.es/es/busqueda-de-iniciativas?p_p_id=iniciativas&p_p_lifecycle=0&p_p_state=normal&p_p_mode=view&_iniciativas_mode=mostrarDetalle&_iniciativas_legislatura=XIV&_iniciativas_id=121/000125
22/11/2022,Presupuestos Generales del Estado,"Sección 12 (Ministerio de Asuntos Exteriores, Unión Europea y Cooperación)  null","López Somoza, Gema",GS,No,11,175,106,57,https://www.congreso.es/es/busqueda-de-iniciativas?p_p_id=iniciativas&p_p_lifecycle=0&p_p_state=normal&p_p_mode=view&_iniciativas_mode=mostrarDetalle&_iniciativas_legislatura=XIV&_iniciativas_id=121/000125
22/11/2022,Presupuestos Generales del Estado,"Sección 12 (Ministerio de Asuntos Exteriores, Unión Europea y Cooperación)  null","Araujo Morales, Gemma",GS,No,11,175,106,57,https://www.congreso.es/es/busqueda-de-iniciativas?p_p_id=iniciativas&p_p_lifecycle=0&p_p_state=normal&p_p_mode=view&_iniciativas_mode=mostrarDetalle&_iniciativas_legislatura=XIV&_iniciativas_id=121/000125
22/11/2022,Presupuestos Generales del Estado,"Sección 12 (Ministerio de Asuntos Exteriores, Unión Europea y Cooperación)  null","Baños Ruiz, Carmen",GS,No,11,175,106,57,https://www.congreso.es/es/busqueda-de-iniciativas?p_p_id=iniciativas&p_p_lifecycle=0&p_p_state=normal&p_p_mode=view&_iniciativas_mode=mostrarDetalle&_iniciativas_legislatura=XIV&_iniciativas_id=121/000125
22/11/2022,Presupuestos Generales del Estado,"Sección 12 (Ministerio de Asuntos Exteriores, Unión Europea y Cooperación)  null","Navalpotro Gómez, Julio",GS,No,11,175,106,57,https://www.congreso.es/es/busqueda-de-iniciativas?p_p_id=iniciativas&p_p_lifecycle=0&p_p_state=normal&p_p_mode=view&_iniciativas_mode=mostrarDetalle&_iniciativas_legislatura=XIV&_iniciativas_id=121/000125
22/11/2022,Presupuestos Generales del Estado,"Sección 12 (Ministerio de Asuntos Exteriores, Unión Europea y Cooperación)  null","Senderos Oraá, Daniel",GS,No,11,175,106,57,https://www.congreso.es/es/busqueda-de-iniciativas?p_p_id=iniciativas&p_p_lifecycle=0&p_p_state=normal&p_p_mode=view&_iniciativas_mode=mostrarDetalle&_iniciativas_legislatura=XIV&_iniciativas_id=121/000125
22/11/2022,Presupuestos Generales del Estado,"Sección 12 (Ministerio de Asuntos Exteriores, Unión Europea y Cooperación)  null","Ortega Domínguez, José Ramón",GS,No,11,175,106,57,https://www.congreso.es/es/busqueda-de-iniciativas?p_p_id=iniciativas&p_p_lifecycle=0&p_p_state=normal&p_p_mode=view&_iniciativas_mode=mostrarDetalle&_iniciativas_legislatura=XIV&_iniciativas_id=121/000125
22/11/2022,Presupuestos Generales del Estado,"Sección 12 (Ministerio de Asuntos Exteriores, Unión Europea y Cooperación)  null","Arribas Maroto, Manuel",GS,No,11,175,106,57,https://www.congreso.es/es/busqueda-de-iniciativas?p_p_id=iniciativas&p_p_lifecycle=0&p_p_state=normal&p_p_mode=view&_iniciativas_mode=mostrarDetalle&_iniciativas_legislatura=XIV&_iniciativas_id=121/000125
22/11/2022,Presupuestos Generales del Estado,"Sección 12 (Ministerio de Asuntos Exteriores, Unión Europea y Cooperación)  null","Oria López, María Inmaculada",GS,No,11,175,106,57,https://www.congreso.es/es/busqueda-de-iniciativas?p_p_id=iniciativas&p_p_lifecycle=0&p_p_state=normal&p_p_mode=view&_iniciativas_mode=mostrarDetalle&_iniciativas_legislatura=XIV&_iniciativas_id=121/000125
22/11/2022,Presupuestos Generales del Estado,"Sección 12 (Ministerio de Asuntos Exteriores, Unión Europea y Cooperación)  null","Azorín Salar, Lázaro",GS,No,11,175,106,57,https://www.congreso.es/es/busqueda-de-iniciativas?p_p_id=iniciativas&p_p_lifecycle=0&p_p_state=normal&p_p_mode=view&_iniciativas_mode=mostrarDetalle&_iniciativas_legislatura=XIV&_iniciativas_id=121/000125
22/11/2022,Presupuestos Generales del Estado,"Sección 12 (Ministerio de Asuntos Exteriores, Unión Europea y Cooperación)  null","Hurtado Zurera, Antonio",GS,No,11,175,106,57,https://www.congreso.es/es/busqueda-de-iniciativas?p_p_id=iniciativas&p_p_lifecycle=0&p_p_state=normal&p_p_mode=view&_iniciativas_mode=mostrarDetalle&_iniciativas_legislatura=XIV&_iniciativas_id=121/000125
22/11/2022,Presupuestos Generales del Estado,"Sección 12 (Ministerio de Asuntos Exteriores, Unión Europea y Cooperación)  null","Taibo Monelos, Diego",GS,No,11,175,106,57,https://www.congreso.es/es/busqueda-de-iniciativas?p_p_id=iniciativas&p_p_lifecycle=0&p_p_state=normal&p_p_mode=view&_iniciativas_mode=mostrarDetalle&_iniciativas_legislatura=XIV&_iniciativas_id=121/000125
22/11/2022,Presupuestos Generales del Estado,"Sección 12 (Ministerio de Asuntos Exteriores, Unión Europea y Cooperación)  null","Tizón Vázquez, Uxía",GS,No,11,175,106,57,https://www.congreso.es/es/busqueda-de-iniciativas?p_p_id=iniciativas&p_p_lifecycle=0&p_p_state=normal&p_p_mode=view&_iniciativas_mode=mostrarDetalle&_iniciativas_legislatura=XIV&_iniciativas_id=121/000125
22/11/2022,Presupuestos Generales del Estado,"Sección 12 (Ministerio de Asuntos Exteriores, Unión Europea y Cooperación)  null","Gutiérrez Vivas, Miguel Ángel",GCs,No,11,175,106,57,https://www.congreso.es/es/busqueda-de-iniciativas?p_p_id=iniciativas&p_p_lifecycle=0&p_p_state=normal&p_p_mode=view&_iniciativas_mode=mostrarDetalle&_iniciativas_legislatura=XIV&_iniciativas_id=121/000125
22/11/2022,Presupuestos Generales del Estado,"Sección 12 (Ministerio de Asuntos Exteriores, Unión Europea y Cooperación)  null","Pérez Merino, María Mercedes",GCUP-EC-GC,No,11,175,106,57,https://www.congreso.es/es/busqueda-de-iniciativas?p_p_id=iniciativas&p_p_lifecycle=0&p_p_state=normal&p_p_mode=view&_iniciativas_mode=mostrarDetalle&_iniciativas_legislatura=XIV&_iniciativas_id=121/000125
22/11/2022,Presupuestos Generales del Estado,"Sección 12 (Ministerio de Asuntos Exteriores, Unión Europea y Cooperación)  null","López-Bas Valero, Juan Ignacio",GCs,No,11,175,106,57,https://www.congreso.es/es/busqueda-de-iniciativas?p_p_id=iniciativas&p_p_lifecycle=0&p_p_state=normal&p_p_mode=view&_iniciativas_mode=mostrarDetalle&_iniciativas_legislatura=XIV&_iniciativas_id=121/000125
22/11/2022,Presupuestos Generales del Estado,"Sección 12 (Ministerio de Asuntos Exteriores, Unión Europea y Cooperación)  null","González Laso, Natividad",GS,No,11,175,106,57,https://www.congreso.es/es/busqueda-de-iniciativas?p_p_id=iniciativas&p_p_lifecycle=0&p_p_state=normal&p_p_mode=view&_iniciativas_mode=mostrarDetalle&_iniciativas_legislatura=XIV&_iniciativas_id=121/000125
22/11/2022,Presupuestos Generales del Estado,"Sección 12 (Ministerio de Asuntos Exteriores, Unión Europea y Cooperación)  null","Díaz Rodríguez, José Carlos",GS,No,11,175,106,57,https://www.congreso.es/es/busqueda-de-iniciativas?p_p_id=iniciativas&p_p_lifecycle=0&p_p_state=normal&p_p_mode=view&_iniciativas_mode=mostrarDetalle&_iniciativas_legislatura=XIV&_iniciativas_id=121/000125
22/11/2022,Presupuestos Generales del Estado,"Sección 12 (Ministerio de Asuntos Exteriores, Unión Europea y Cooperación)  null","Bueno Pinto, José Luis",GCUP-EC-GC,No,11,175,106,57,https://www.congreso.es/es/busqueda-de-iniciativas?p_p_id=iniciativas&p_p_lifecycle=0&p_p_state=normal&p_p_mode=view&_iniciativas_mode=mostrarDetalle&_iniciativas_legislatura=XIV&_iniciativas_id=121/000125
22/11/2022,Presupuestos Generales del Estado,"Sección 12 (Ministerio de Asuntos Exteriores, Unión Europea y Cooperación)  null","Fernández Pérez, María",GMx,No,11,175,106,57,https://www.congreso.es/es/busqueda-de-iniciativas?p_p_id=iniciativas&p_p_lifecycle=0&p_p_state=normal&p_p_mode=view&_iniciativas_mode=mostrarDetalle&_iniciativas_legislatura=XIV&_iniciativas_id=121/000125
22/11/2022,Presupuestos Generales del Estado,"Sección 12 (Ministerio de Asuntos Exteriores, Unión Europea y Cooperación)  null","Zapata Simón, Aurelio",GS,No,11,175,106,57,https://www.congreso.es/es/busqueda-de-iniciativas?p_p_id=iniciativas&p_p_lifecycle=0&p_p_state=normal&p_p_mode=view&_iniciativas_mode=mostrarDetalle&_iniciativas_legislatura=XIV&_iniciativas_id=121/000125
22/11/2022,Presupuestos Generales del Estado,"Sección 12 (Ministerio de Asuntos Exteriores, Unión Europea y Cooperación)  null","García Nieto, Ezequiel",GCUP-EC-GC,No,11,175,106,57,https://www.congreso.es/es/busqueda-de-iniciativas?p_p_id=iniciativas&p_p_lifecycle=0&p_p_state=normal&p_p_mode=view&_iniciativas_mode=mostrarDetalle&_iniciativas_legislatura=XIV&_iniciativas_id=121/000125
22/11/2022,Presupuestos Generales del Estado,"Sección 12 (Ministerio de Asuntos Exteriores, Unión Europea y Cooperación)  null","Pagès i Massó, Josep",GPlu,Sí,11,175,106,57,https://www.congreso.es/es/busqueda-de-iniciativas?p_p_id=iniciativas&p_p_lifecycle=0&p_p_state=normal&p_p_mode=view&_iniciativas_mode=mostrarDetalle&_iniciativas_legislatura=XIV&_iniciativas_id=121/000125
22/11/2022,Presupuestos Generales del Estado,"Sección 12 (Ministerio de Asuntos Exteriores, Unión Europea y Cooperación)  null","Calvo Gómez, Pilar",GPlu,Sí,11,175,106,57,https://www.congreso.es/es/busqueda-de-iniciativas?p_p_id=iniciativas&p_p_lifecycle=0&p_p_state=normal&p_p_mode=view&_iniciativas_mode=mostrarDetalle&_iniciativas_legislatura=XIV&_iniciativas_id=121/000125
22/11/2022,Presupuestos Generales del Estado,"Sección 12 (Ministerio de Asuntos Exteriores, Unión Europea y Cooperación)  null","Capdevila i Esteve, Joan",GR,Sí,11,175,106,57,https://www.congreso.es/es/busqueda-de-iniciativas?p_p_id=iniciativas&p_p_lifecycle=0&p_p_state=normal&p_p_mode=view&_iniciativas_mode=mostrarDetalle&_iniciativas_legislatura=XIV&_iniciativas_id=121/000125
22/11/2022,Presupuestos Generales del Estado,"Sección 12 (Ministerio de Asuntos Exteriores, Unión Europea y Cooperación)  null","Errejón Galván, Íñigo",GPlu,Sí,11,175,106,57,https://www.congreso.es/es/busqueda-de-iniciativas?p_p_id=iniciativas&p_p_lifecycle=0&p_p_state=normal&p_p_mode=view&_iniciativas_mode=mostrarDetalle&_iniciativas_legislatura=XIV&_iniciativas_id=121/000125
22/11/2022,Presupuestos Generales del Estado,"Sección 12 (Ministerio de Asuntos Exteriores, Unión Europea y Cooperación)  null","Sabanés Nadal, Inés",GPlu,Sí,11,175,106,57,https://www.congreso.es/es/busqueda-de-iniciativas?p_p_id=iniciativas&p_p_lifecycle=0&p_p_state=normal&p_p_mode=view&_iniciativas_mode=mostrarDetalle&_iniciativas_legislatura=XIV&_iniciativas_id=121/000125
22/11/2022,Presupuestos Generales del Estado,"Sección 12 (Ministerio de Asuntos Exteriores, Unión Europea y Cooperación)  null","Botran Pahissa, Albert",GMx,Sí,11,175,106,57,https://www.congreso.es/es/busqueda-de-iniciativas?p_p_id=iniciativas&p_p_lifecycle=0&p_p_state=normal&p_p_mode=view&_iniciativas_mode=mostrarDetalle&_iniciativas_legislatura=XIV&_iniciativas_id=121/000125
22/11/2022,Presupuestos Generales del Estado,"Sección 12 (Ministerio de Asuntos Exteriores, Unión Europea y Cooperación)  null","Illamola Dausà, Mariona",GPlu,Sí,11,175,106,57,https://www.congreso.es/es/busqueda-de-iniciativas?p_p_id=iniciativas&p_p_lifecycle=0&p_p_state=normal&p_p_mode=view&_iniciativas_mode=mostrarDetalle&_iniciativas_legislatura=XIV&_iniciativas_id=121/000125
22/11/2022,Presupuestos Generales del Estado,"Sección 12 (Ministerio de Asuntos Exteriores, Unión Europea y Cooperación)  null","Nogueras i Camero, Míriam",GPlu,Sí,11,175,106,57,https://www.congreso.es/es/busqueda-de-iniciativas?p_p_id=iniciativas&p_p_lifecycle=0&p_p_state=normal&p_p_mode=view&_iniciativas_mode=mostrarDetalle&_iniciativas_legislatura=XIV&_iniciativas_id=121/000125
22/11/2022,Presupuestos Generales del Estado,"Sección 12 (Ministerio de Asuntos Exteriores, Unión Europea y Cooperación)  null","Rego Candamil, Néstor",GPlu,Sí,11,175,106,57,https://www.congreso.es/es/busqueda-de-iniciativas?p_p_id=iniciativas&p_p_lifecycle=0&p_p_state=normal&p_p_mode=view&_iniciativas_mode=mostrarDetalle&_iniciativas_legislatura=XIV&_iniciativas_id=121/000125
22/11/2022,Presupuestos Generales del Estado,"Sección 12 (Ministerio de Asuntos Exteriores, Unión Europea y Cooperación)  null","Vehí Cantenys, Mireia",GMx,Sí,11,175,106,57,https://www.congreso.es/es/busqueda-de-iniciativas?p_p_id=iniciativas&p_p_lifecycle=0&p_p_state=normal&p_p_mode=view&_iniciativas_mode=mostrarDetalle&_iniciativas_legislatura=XIV&_iniciativas_id=121/000125
22/11/2022,Presupuestos Generales del Estado,"Sección 12 (Ministerio de Asuntos Exteriores, Unión Europea y Cooperación)  null","Baldoví Roda, Joan",GPlu,Sí,11,175,106,57,https://www.congreso.es/es/busqueda-de-iniciativas?p_p_id=iniciativas&p_p_lifecycle=0&p_p_state=normal&p_p_mode=view&_iniciativas_mode=mostrarDetalle&_iniciativas_legislatura=XIV&_iniciativas_id=121/000125
22/11/2022,Presupuestos Generales del Estado,"Sección 12 (Ministerio de Asuntos Exteriores, Unión Europea y Cooperación)  null","Tirado Ochoa, Vicente",GP,Abstención,11,175,106,57,https://www.congreso.es/es/busqueda-de-iniciativas?p_p_id=iniciativas&p_p_lifecycle=0&p_p_state=normal&p_p_mode=view&_iniciativas_mode=mostrarDetalle&_iniciativas_legislatura=XIV&_iniciativas_id=121/000125
22/11/2022,Presupuestos Generales del Estado,"Sección 12 (Ministerio de Asuntos Exteriores, Unión Europea y Cooperación)  null","Martínez Oblanca, Isidro Manuel",GMx,Abstención,11,175,106,57,https://www.congreso.es/es/busqueda-de-iniciativas?p_p_id=iniciativas&p_p_lifecycle=0&p_p_state=normal&p_p_mode=view&_iniciativas_mode=mostrarDetalle&_iniciativas_legislatura=XIV&_iniciativas_id=121/000125
22/11/2022,Presupuestos Generales del Estado,"Sección 12 (Ministerio de Asuntos Exteriores, Unión Europea y Cooperación)  null","Cañadell Salvia, Concep",GPlu,Abstención,11,175,106,57,https://www.congreso.es/es/busqueda-de-iniciativas?p_p_id=iniciativas&p_p_lifecycle=0&p_p_state=normal&p_p_mode=view&_iniciativas_mode=mostrarDetalle&_iniciativas_legislatura=XIV&_iniciativas_id=121/000125
22/11/2022,Presupuestos Generales del Estado,"Sección 12 (Ministerio de Asuntos Exteriores, Unión Europea y Cooperación)  null","Miquel i Valentí, Sergi",GPlu,Abstención,11,175,106,57,https://www.congreso.es/es/busqueda-de-iniciativas?p_p_id=iniciativas&p_p_lifecycle=0&p_p_state=normal&p_p_mode=view&_iniciativas_mode=mostrarDetalle&_iniciativas_legislatura=XIV&_iniciativas_id=121/000125
22/11/2022,Presupuestos Generales del Estado,"Sección 12 (Ministerio de Asuntos Exteriores, Unión Europea y Cooperación)  null","Boadella Esteve, Genís",GPlu,Abstención,11,175,106,57,https://www.congreso.es/es/busqueda-de-iniciativas?p_p_id=iniciativas&p_p_lifecycle=0&p_p_state=normal&p_p_mode=view&_iniciativas_mode=mostrarDetalle&_iniciativas_legislatura=XIV&_iniciativas_id=121/000125
22/11/2022,Presupuestos Generales del Estado,"Sección 12 (Ministerio de Asuntos Exteriores, Unión Europea y Cooperación)  null","Cabezón Casas, Tomás",GP,Abstención,11,175,106,57,https://www.congreso.es/es/busqueda-de-iniciativas?p_p_id=iniciativas&p_p_lifecycle=0&p_p_state=normal&p_p_mode=view&_iniciativas_mode=mostrarDetalle&_iniciativas_legislatura=XIV&_iniciativas_id=121/000125
22/11/2022,Presupuestos Generales del Estado,"Sección 12 (Ministerio de Asuntos Exteriores, Unión Europea y Cooperación)  null","Uriarte Bengoechea, Edurne",GP,Abstención,11,175,106,57,https://www.congreso.es/es/busqueda-de-iniciativas?p_p_id=iniciativas&p_p_lifecycle=0&p_p_state=normal&p_p_mode=view&_iniciativas_mode=mostrarDetalle&_iniciativas_legislatura=XIV&_iniciativas_id=121/000125
22/11/2022,Presupuestos Generales del Estado,"Sección 12 (Ministerio de Asuntos Exteriores, Unión Europea y Cooperación)  null","Pastor Julián, Ana María",GP,Abstención,11,175,106,57,https://www.congreso.es/es/busqueda-de-iniciativas?p_p_id=iniciativas&p_p_lifecycle=0&p_p_state=normal&p_p_mode=view&_iniciativas_mode=mostrarDetalle&_iniciativas_legislatura=XIV&_iniciativas_id=121/000125
22/11/2022,Presupuestos Generales del Estado,"Sección 12 (Ministerio de Asuntos Exteriores, Unión Europea y Cooperación)  null","Suárez Illana, Adolfo",GP,Abstención,11,175,106,57,https://www.congreso.es/es/busqueda-de-iniciativas?p_p_id=iniciativas&p_p_lifecycle=0&p_p_state=normal&p_p_mode=view&_iniciativas_mode=mostrarDetalle&_iniciativas_legislatura=XIV&_iniciativas_id=121/000125
22/11/2022,Presupuestos Generales del Estado,"Sección 12 (Ministerio de Asuntos Exteriores, Unión Europea y Cooperación)  null","Callejas Cano, Juan Antonio",GP,Abstención,11,175,106,57,https://www.congreso.es/es/busqueda-de-iniciativas?p_p_id=iniciativas&p_p_lifecycle=0&p_p_state=normal&p_p_mode=view&_iniciativas_mode=mostrarDetalle&_iniciativas_legislatura=XIV&_iniciativas_id=121/000125
22/11/2022,Presupuestos Generales del Estado,"Sección 12 (Ministerio de Asuntos Exteriores, Unión Europea y Cooperación)  null","Romero Sánchez, Rosa María",GP,Abstención,11,175,106,57,https://www.congreso.es/es/busqueda-de-iniciativas?p_p_id=iniciativas&p_p_lifecycle=0&p_p_state=normal&p_p_mode=view&_iniciativas_mode=mostrarDetalle&_iniciativas_legislatura=XIV&_iniciativas_id=121/000125
22/11/2022,Presupuestos Generales del Estado,"Sección 12 (Ministerio de Asuntos Exteriores, Unión Europea y Cooperación)  null","Matarí Sáez, Juan José",GP,Abstención,11,175,106,57,https://www.congreso.es/es/busqueda-de-iniciativas?p_p_id=iniciativas&p_p_lifecycle=0&p_p_state=normal&p_p_mode=view&_iniciativas_mode=mostrarDetalle&_iniciativas_legislatura=XIV&_iniciativas_id=121/000125
22/11/2022,Presupuestos Generales del Estado,"Sección 12 (Ministerio de Asuntos Exteriores, Unión Europea y Cooperación)  null","García Rodríguez, Alicia",GP,Abstención,11,175,106,57,https://www.congreso.es/es/busqueda-de-iniciativas?p_p_id=iniciativas&p_p_lifecycle=0&p_p_state=normal&p_p_mode=view&_iniciativas_mode=mostrarDetalle&_iniciativas_legislatura=XIV&_iniciativas_id=121/000125
22/11/2022,Presupuestos Generales del Estado,"Sección 12 (Ministerio de Asuntos Exteriores, Unión Europea y Cooperación)  null","Postigo Quintana, Jesús",GP,Abstención,11,175,106,57,https://www.congreso.es/es/busqueda-de-iniciativas?p_p_id=iniciativas&p_p_lifecycle=0&p_p_state=normal&p_p_mode=view&_iniciativas_mode=mostrarDetalle&_iniciativas_legislatura=XIV&_iniciativas_id=121/000125
22/11/2022,Presupuestos Generales del Estado,"Sección 12 (Ministerio de Asuntos Exteriores, Unión Europea y Cooperación)  null","Sayas López, Sergio",GMx,Abstención,11,175,106,57,https://www.congreso.es/es/busqueda-de-iniciativas?p_p_id=iniciativas&p_p_lifecycle=0&p_p_state=normal&p_p_mode=view&_iniciativas_mode=mostrarDetalle&_iniciativas_legislatura=XIV&_iniciativas_id=121/000125
22/11/2022,Presupuestos Generales del Estado,"Sección 12 (Ministerio de Asuntos Exteriores, Unión Europea y Cooperación)  null","Moraleja Gómez, Tristana María",GP,Abstención,11,175,106,57,https://www.congreso.es/es/busqueda-de-iniciativas?p_p_id=iniciativas&p_p_lifecycle=0&p_p_state=normal&p_p_mode=view&_iniciativas_mode=mostrarDetalle&_iniciativas_legislatura=XIV&_iniciativas_id=121/000125
22/11/2022,Presupuestos Generales del Estado,"Sección 12 (Ministerio de Asuntos Exteriores, Unión Europea y Cooperación)  null","Castillo López, Elena",GP,Abstención,11,175,106,57,https://www.congreso.es/es/busqueda-de-iniciativas?p_p_id=iniciativas&p_p_lifecycle=0&p_p_state=normal&p_p_mode=view&_iniciativas_mode=mostrarDetalle&_iniciativas_legislatura=XIV&_iniciativas_id=121/000125
22/11/2022,Presupuestos Generales del Estado,"Sección 12 (Ministerio de Asuntos Exteriores, Unión Europea y Cooperación)  null","Movellán Lombilla, Diego",GP,Abstención,11,175,106,57,https://www.congreso.es/es/busqueda-de-iniciativas?p_p_id=iniciativas&p_p_lifecycle=0&p_p_state=normal&p_p_mode=view&_iniciativas_mode=mostrarDetalle&_iniciativas_legislatura=XIV&_iniciativas_id=121/000125
22/11/2022,Presupuestos Generales del Estado,"Sección 12 (Ministerio de Asuntos Exteriores, Unión Europea y Cooperación)  null","Requena Ruiz, Juan Diego",GP,Abstención,11,175,106,57,https://www.congreso.es/es/busqueda-de-iniciativas?p_p_id=iniciativas&p_p_lifecycle=0&p_p_state=normal&p_p_mode=view&_iniciativas_mode=mostrarDetalle&_iniciativas_legislatura=XIV&_iniciativas_id=121/000125
22/11/2022,Presupuestos Generales del Estado,"Sección 12 (Ministerio de Asuntos Exteriores, Unión Europea y Cooperación)  null","Navarro Lacoba, Carmen",GP,Abstención,11,175,106,57,https://www.congreso.es/es/busqueda-de-iniciativas?p_p_id=iniciativas&p_p_lifecycle=0&p_p_state=normal&p_p_mode=view&_iniciativas_mode=mostrarDetalle&_iniciativas_legislatura=XIV&_iniciativas_id=121/000125
22/11/2022,Presupuestos Generales del Estado,"Sección 12 (Ministerio de Asuntos Exteriores, Unión Europea y Cooperación)  null","Vallugera Balañà, Pilar",GR,Abstención,11,175,106,57,https://www.congreso.es/es/busqueda-de-iniciativas?p_p_id=iniciativas&p_p_lifecycle=0&p_p_state=normal&p_p_mode=view&_iniciativas_mode=mostrarDetalle&_iniciativas_legislatura=XIV&_iniciativas_id=121/000125
22/11/2022,Presupuestos Generales del Estado,"Sección 12 (Ministerio de Asuntos Exteriores, Unión Europea y Cooperación)  null","Echániz Salgado, José Ignacio",GP,Abstención,11,175,106,57,https://www.congreso.es/es/busqueda-de-iniciativas?p_p_id=iniciativas&p_p_lifecycle=0&p_p_state=normal&p_p_mode=view&_iniciativas_mode=mostrarDetalle&_iniciativas_legislatura=XIV&_iniciativas_id=121/000125
22/11/2022,Presupuestos Generales del Estado,"Sección 12 (Ministerio de Asuntos Exteriores, Unión Europea y Cooperación)  null","Moro Almaraz, María Jesús",GP,Abstención,11,175,106,57,https://www.congreso.es/es/busqueda-de-iniciativas?p_p_id=iniciativas&p_p_lifecycle=0&p_p_state=normal&p_p_mode=view&_iniciativas_mode=mostrarDetalle&_iniciativas_legislatura=XIV&_iniciativas_id=121/000125
22/11/2022,Presupuestos Generales del Estado,"Sección 12 (Ministerio de Asuntos Exteriores, Unión Europea y Cooperación)  null","Marcos Ortega, Milagros",GP,Abstención,11,175,106,57,https://www.congreso.es/es/busqueda-de-iniciativas?p_p_id=iniciativas&p_p_lifecycle=0&p_p_state=normal&p_p_mode=view&_iniciativas_mode=mostrarDetalle&_iniciativas_legislatura=XIV&_iniciativas_id=121/000125
22/11/2022,Presupuestos Generales del Estado,"Sección 12 (Ministerio de Asuntos Exteriores, Unión Europea y Cooperación)  null","Álvarez Fanjul, Beatriz",GP,Abstención,11,175,106,57,https://www.congreso.es/es/busqueda-de-iniciativas?p_p_id=iniciativas&p_p_lifecycle=0&p_p_state=normal&p_p_mode=view&_iniciativas_mode=mostrarDetalle&_iniciativas_legislatura=XIV&_iniciativas_id=121/000125
22/11/2022,Presupuestos Generales del Estado,"Sección 12 (Ministerio de Asuntos Exteriores, Unión Europea y Cooperación)  null","Lorite Lorite, Andrés",GP,Abstención,11,175,106,57,https://www.congreso.es/es/busqueda-de-iniciativas?p_p_id=iniciativas&p_p_lifecycle=0&p_p_state=normal&p_p_mode=view&_iniciativas_mode=mostrarDetalle&_iniciativas_legislatura=XIV&_iniciativas_id=121/000125
22/11/2022,Presupuestos Generales del Estado,"Sección 12 (Ministerio de Asuntos Exteriores, Unión Europea y Cooperación)  null","Redondo Calvillo, María de la O",GP,Abstención,11,175,106,57,https://www.congreso.es/es/busqueda-de-iniciativas?p_p_id=iniciativas&p_p_lifecycle=0&p_p_state=normal&p_p_mode=view&_iniciativas_mode=mostrarDetalle&_iniciativas_legislatura=XIV&_iniciativas_id=121/000125
22/11/2022,Presupuestos Generales del Estado,"Sección 12 (Ministerio de Asuntos Exteriores, Unión Europea y Cooperación)  null","Clavell López, Óscar",GP,Abstención,11,175,106,57,https://www.congreso.es/es/busqueda-de-iniciativas?p_p_id=iniciativas&p_p_lifecycle=0&p_p_state=normal&p_p_mode=view&_iniciativas_mode=mostrarDetalle&_iniciativas_legislatura=XIV&_iniciativas_id=121/000125
22/11/2022,Presupuestos Generales del Estado,"Sección 12 (Ministerio de Asuntos Exteriores, Unión Europea y Cooperación)  null","Ledesma Martín, Sebastián Jesús",GP,Abstención,11,175,106,57,https://www.congreso.es/es/busqueda-de-iniciativas?p_p_id=iniciativas&p_p_lifecycle=0&p_p_state=normal&p_p_mode=view&_iniciativas_mode=mostrarDetalle&_iniciativas_legislatura=XIV&_iniciativas_id=121/000125
22/11/2022,Presupuestos Generales del Estado,"Sección 12 (Ministerio de Asuntos Exteriores, Unión Europea y Cooperación)  null","Zurita Expósito, Ana María",GP,Abstención,11,175,106,57,https://www.congreso.es/es/busqueda-de-iniciativas?p_p_id=iniciativas&p_p_lifecycle=0&p_p_state=normal&p_p_mode=view&_iniciativas_mode=mostrarDetalle&_iniciativas_legislatura=XIV&_iniciativas_id=121/000125
22/11/2022,Presupuestos Generales del Estado,"Sección 12 (Ministerio de Asuntos Exteriores, Unión Europea y Cooperación)  null","Angulo Romero, María Teresa",GP,Abstención,11,175,106,57,https://www.congreso.es/es/busqueda-de-iniciativas?p_p_id=iniciativas&p_p_lifecycle=0&p_p_state=normal&p_p_mode=view&_iniciativas_mode=mostrarDetalle&_iniciativas_legislatura=XIV&_iniciativas_id=121/000125
22/11/2022,Presupuestos Generales del Estado,"Sección 12 (Ministerio de Asuntos Exteriores, Unión Europea y Cooperación)  null","Vázquez Blanco, Ana Belén",GP,Abstención,11,175,106,57,https://www.congreso.es/es/busqueda-de-iniciativas?p_p_id=iniciativas&p_p_lifecycle=0&p_p_state=normal&p_p_mode=view&_iniciativas_mode=mostrarDetalle&_iniciativas_legislatura=XIV&_iniciativas_id=121/000125
22/11/2022,Presupuestos Generales del Estado,"Sección 12 (Ministerio de Asuntos Exteriores, Unión Europea y Cooperación)  null","Delgado Arce, Celso Luis",GP,Abstención,11,175,106,57,https://www.congreso.es/es/busqueda-de-iniciativas?p_p_id=iniciativas&p_p_lifecycle=0&p_p_state=normal&p_p_mode=view&_iniciativas_mode=mostrarDetalle&_iniciativas_legislatura=XIV&_iniciativas_id=121/000125
22/11/2022,Presupuestos Generales del Estado,"Sección 12 (Ministerio de Asuntos Exteriores, Unión Europea y Cooperación)  null","Bas Corugeira, Javier",GP,Abstención,11,175,106,57,https://www.congreso.es/es/busqueda-de-iniciativas?p_p_id=iniciativas&p_p_lifecycle=0&p_p_state=normal&p_p_mode=view&_iniciativas_mode=mostrarDetalle&_iniciativas_legislatura=XIV&_iniciativas_id=121/000125
22/11/2022,Presupuestos Generales del Estado,"Sección 12 (Ministerio de Asuntos Exteriores, Unión Europea y Cooperación)  null","Gago Bugarín, Diego",GP,Abstención,11,175,106,57,https://www.congreso.es/es/busqueda-de-iniciativas?p_p_id=iniciativas&p_p_lifecycle=0&p_p_state=normal&p_p_mode=view&_iniciativas_mode=mostrarDetalle&_iniciativas_legislatura=XIV&_iniciativas_id=121/000125
22/11/2022,Presupuestos Generales del Estado,"Sección 12 (Ministerio de Asuntos Exteriores, Unión Europea y Cooperación)  null","Rodríguez Herrer, María Elvira",GP,Abstención,11,175,106,57,https://www.congreso.es/es/busqueda-de-iniciativas?p_p_id=iniciativas&p_p_lifecycle=0&p_p_state=normal&p_p_mode=view&_iniciativas_mode=mostrarDetalle&_iniciativas_legislatura=XIV&_iniciativas_id=121/000125
22/11/2022,Presupuestos Generales del Estado,"Sección 12 (Ministerio de Asuntos Exteriores, Unión Europea y Cooperación)  null","Jerez Juan, Miguel Ángel",GP,Abstención,11,175,106,57,https://www.congreso.es/es/busqueda-de-iniciativas?p_p_id=iniciativas&p_p_lifecycle=0&p_p_state=normal&p_p_mode=view&_iniciativas_mode=mostrarDetalle&_iniciativas_legislatura=XIV&_iniciativas_id=121/000125
22/11/2022,Presupuestos Generales del Estado,"Sección 12 (Ministerio de Asuntos Exteriores, Unión Europea y Cooperación)  null","García Adanero, Carlos",GMx,Abstención,11,175,106,57,https://www.congreso.es/es/busqueda-de-iniciativas?p_p_id=iniciativas&p_p_lifecycle=0&p_p_state=normal&p_p_mode=view&_iniciativas_mode=mostrarDetalle&_iniciativas_legislatura=XIV&_iniciativas_id=121/000125
22/11/2022,Presupuestos Generales del Estado,"Sección 12 (Ministerio de Asuntos Exteriores, Unión Europea y Cooperación)  null","Borrego Cortés, Isabel María",GP,Abstención,11,175,106,57,https://www.congreso.es/es/busqueda-de-iniciativas?p_p_id=iniciativas&p_p_lifecycle=0&p_p_state=normal&p_p_mode=view&_iniciativas_mode=mostrarDetalle&_iniciativas_legislatura=XIV&_iniciativas_id=121/000125
22/11/2022,Presupuestos Generales del Estado,"Sección 12 (Ministerio de Asuntos Exteriores, Unión Europea y Cooperación)  null","Pedreño Molina, Juan Luis",GP,Abstención,11,175,106,57,https://www.congreso.es/es/busqueda-de-iniciativas?p_p_id=iniciativas&p_p_lifecycle=0&p_p_state=normal&p_p_mode=view&_iniciativas_mode=mostrarDetalle&_iniciativas_legislatura=XIV&_iniciativas_id=121/000125
22/11/2022,Presupuestos Generales del Estado,"Sección 12 (Ministerio de Asuntos Exteriores, Unión Europea y Cooperación)  null","Mateu Istúriz, Jaime Miguel",GP,Abstención,11,175,106,57,https://www.congreso.es/es/busqueda-de-iniciativas?p_p_id=iniciativas&p_p_lifecycle=0&p_p_state=normal&p_p_mode=view&_iniciativas_mode=mostrarDetalle&_iniciativas_legislatura=XIV&_iniciativas_id=121/000125
22/11/2022,Presupuestos Generales del Estado,"Sección 12 (Ministerio de Asuntos Exteriores, Unión Europea y Cooperación)  null","Ortiz Galván, José",GP,Abstención,11,175,106,57,https://www.congreso.es/es/busqueda-de-iniciativas?p_p_id=iniciativas&p_p_lifecycle=0&p_p_state=normal&p_p_mode=view&_iniciativas_mode=mostrarDetalle&_iniciativas_legislatura=XIV&_iniciativas_id=121/000125
22/11/2022,Presupuestos Generales del Estado,"Sección 12 (Ministerio de Asuntos Exteriores, Unión Europea y Cooperación)  null","Gázquez Collado, Paloma",GP,Abstención,11,175,106,57,https://www.congreso.es/es/busqueda-de-iniciativas?p_p_id=iniciativas&p_p_lifecycle=0&p_p_state=normal&p_p_mode=view&_iniciativas_mode=mostrarDetalle&_iniciativas_legislatura=XIV&_iniciativas_id=121/000125
22/11/2022,Presupuestos Generales del Estado,"Sección 12 (Ministerio de Asuntos Exteriores, Unión Europea y Cooperación)  null","Casero Ávila, Alberto",GP,Abstención,11,175,106,57,https://www.congreso.es/es/busqueda-de-iniciativas?p_p_id=iniciativas&p_p_lifecycle=0&p_p_state=normal&p_p_mode=view&_iniciativas_mode=mostrarDetalle&_iniciativas_legislatura=XIV&_iniciativas_id=121/000125
22/11/2022,Presupuestos Generales del Estado,"Sección 12 (Ministerio de Asuntos Exteriores, Unión Europea y Cooperación)  null","González Guinda, María del Carmen",GP,Abstención,11,175,106,57,https://www.congreso.es/es/busqueda-de-iniciativas?p_p_id=iniciativas&p_p_lifecycle=0&p_p_state=normal&p_p_mode=view&_iniciativas_mode=mostrarDetalle&_iniciativas_legislatura=XIV&_iniciativas_id=121/000125
22/11/2022,Presupuestos Generales del Estado,"Sección 12 (Ministerio de Asuntos Exteriores, Unión Europea y Cooperación)  null","Almodóbar Barceló, Agustín",GP,Abstención,11,175,106,57,https://www.congreso.es/es/busqueda-de-iniciativas?p_p_id=iniciativas&p_p_lifecycle=0&p_p_state=normal&p_p_mode=view&_iniciativas_mode=mostrarDetalle&_iniciativas_legislatura=XIV&_iniciativas_id=121/000125
22/11/2022,Presupuestos Generales del Estado,"Sección 12 (Ministerio de Asuntos Exteriores, Unión Europea y Cooperación)  null","Guitarte Gimeno, Tomás",GMx,Abstención,11,175,106,57,https://www.congreso.es/es/busqueda-de-iniciativas?p_p_id=iniciativas&p_p_lifecycle=0&p_p_state=normal&p_p_mode=view&_iniciativas_mode=mostrarDetalle&_iniciativas_legislatura=XIV&_iniciativas_id=121/000125
22/11/2022,Presupuestos Generales del Estado,"Sección 12 (Ministerio de Asuntos Exteriores, Unión Europea y Cooperación)  null","Álvarez de Toledo Peralta-Ramos, Cayetana",GP,Abstención,11,175,106,57,https://www.congreso.es/es/busqueda-de-iniciativas?p_p_id=iniciativas&p_p_lifecycle=0&p_p_state=normal&p_p_mode=view&_iniciativas_mode=mostrarDetalle&_iniciativas_legislatura=XIV&_iniciativas_id=121/000125
22/11/2022,Presupuestos Generales del Estado,"Sección 12 (Ministerio de Asuntos Exteriores, Unión Europea y Cooperación)  null","Hispán Iglesias de Ussel, Pablo",GP,Abstención,11,175,106,57,https://www.congreso.es/es/busqueda-de-iniciativas?p_p_id=iniciativas&p_p_lifecycle=0&p_p_state=normal&p_p_mode=view&_iniciativas_mode=mostrarDetalle&_iniciativas_legislatura=XIV&_iniciativas_id=121/000125
22/11/2022,Presupuestos Generales del Estado,"Sección 12 (Ministerio de Asuntos Exteriores, Unión Europea y Cooperación)  null","García Egea, Teodoro",GP,Abstención,11,175,106,57,https://www.congreso.es/es/busqueda-de-iniciativas?p_p_id=iniciativas&p_p_lifecycle=0&p_p_state=normal&p_p_mode=view&_iniciativas_mode=mostrarDetalle&_iniciativas_legislatura=XIV&_iniciativas_id=121/000125
22/11/2022,Presupuestos Generales del Estado,"Sección 12 (Ministerio de Asuntos Exteriores, Unión Europea y Cooperación)  null","Cortés Carballo, Mario",GP,Abstención,11,175,106,57,https://www.congreso.es/es/busqueda-de-iniciativas?p_p_id=iniciativas&p_p_lifecycle=0&p_p_state=normal&p_p_mode=view&_iniciativas_mode=mostrarDetalle&_iniciativas_legislatura=XIV&_iniciativas_id=121/000125
22/11/2022,Presupuestos Generales del Estado,"Sección 12 (Ministerio de Asuntos Exteriores, Unión Europea y Cooperación)  null","Moneo Díez, María Sandra",GP,Abstención,11,175,106,57,https://www.congreso.es/es/busqueda-de-iniciativas?p_p_id=iniciativas&p_p_lifecycle=0&p_p_state=normal&p_p_mode=view&_iniciativas_mode=mostrarDetalle&_iniciativas_legislatura=XIV&_iniciativas_id=121/000125
22/11/2022,Presupuestos Generales del Estado,"Sección 12 (Ministerio de Asuntos Exteriores, Unión Europea y Cooperación)  null","Mariscal Anaya, Guillermo",GP,Abstención,11,175,106,57,https://www.congreso.es/es/busqueda-de-iniciativas?p_p_id=iniciativas&p_p_lifecycle=0&p_p_state=normal&p_p_mode=view&_iniciativas_mode=mostrarDetalle&_iniciativas_legislatura=XIV&_iniciativas_id=121/000125
22/11/2022,Presupuestos Generales del Estado,"Sección 12 (Ministerio de Asuntos Exteriores, Unión Europea y Cooperación)  null","Martínez Ferro, María Valentina",GP,Abstención,11,175,106,57,https://www.congreso.es/es/busqueda-de-iniciativas?p_p_id=iniciativas&p_p_lifecycle=0&p_p_state=normal&p_p_mode=view&_iniciativas_mode=mostrarDetalle&_iniciativas_legislatura=XIV&_iniciativas_id=121/000125
22/11/2022,Presupuestos Generales del Estado,"Sección 12 (Ministerio de Asuntos Exteriores, Unión Europea y Cooperación)  null","Montesinos de Miguel, Macarena",GP,Abstención,11,175,106,57,https://www.congreso.es/es/busqueda-de-iniciativas?p_p_id=iniciativas&p_p_lifecycle=0&p_p_state=normal&p_p_mode=view&_iniciativas_mode=mostrarDetalle&_iniciativas_legislatura=XIV&_iniciativas_id=121/000125
22/11/2022,Presupuestos Generales del Estado,"Sección 12 (Ministerio de Asuntos Exteriores, Unión Europea y Cooperación)  null","Elorriaga Pisarik, Gabriel",GP,Abstención,11,175,106,57,https://www.congreso.es/es/busqueda-de-iniciativas?p_p_id=iniciativas&p_p_lifecycle=0&p_p_state=normal&p_p_mode=view&_iniciativas_mode=mostrarDetalle&_iniciativas_legislatura=XIV&_iniciativas_id=121/000125
22/11/2022,Presupuestos Generales del Estado,"Sección 12 (Ministerio de Asuntos Exteriores, Unión Europea y Cooperación)  null","Constenla Carbón, Juan Manuel",GP,Abstención,11,175,106,57,https://www.congreso.es/es/busqueda-de-iniciativas?p_p_id=iniciativas&p_p_lifecycle=0&p_p_state=normal&p_p_mode=view&_iniciativas_mode=mostrarDetalle&_iniciativas_legislatura=XIV&_iniciativas_id=121/000125
22/11/2022,Presupuestos Generales del Estado,"Sección 12 (Ministerio de Asuntos Exteriores, Unión Europea y Cooperación)  null","Álvarez i García, Gerard",GR,Abstención,11,175,106,57,https://www.congreso.es/es/busqueda-de-iniciativas?p_p_id=iniciativas&p_p_lifecycle=0&p_p_state=normal&p_p_mode=view&_iniciativas_mode=mostrarDetalle&_iniciativas_legislatura=XIV&_iniciativas_id=121/000125
22/11/2022,Presupuestos Generales del Estado,"Sección 12 (Ministerio de Asuntos Exteriores, Unión Europea y Cooperación)  null","Tarno Blanco, Ricardo",GP,Abstención,11,175,106,57,https://www.congreso.es/es/busqueda-de-iniciativas?p_p_id=iniciativas&p_p_lifecycle=0&p_p_state=normal&p_p_mode=view&_iniciativas_mode=mostrarDetalle&_iniciativas_legislatura=XIV&_iniciativas_id=121/000125
22/11/2022,Presupuestos Generales del Estado,"Sección 12 (Ministerio de Asuntos Exteriores, Unión Europea y Cooperación)  null","Manglano Albacar, Percival",GP,Abstención,11,175,106,57,https://www.congreso.es/es/busqueda-de-iniciativas?p_p_id=iniciativas&p_p_lifecycle=0&p_p_state=normal&p_p_mode=view&_iniciativas_mode=mostrarDetalle&_iniciativas_legislatura=XIV&_iniciativas_id=121/000125
22/11/2022,Presupuestos Generales del Estado,"Sección 12 (Ministerio de Asuntos Exteriores, Unión Europea y Cooperación)  null","González Muñoz, Ángel Luis",GP,Abstención,11,175,106,57,https://www.congreso.es/es/busqueda-de-iniciativas?p_p_id=iniciativas&p_p_lifecycle=0&p_p_state=normal&p_p_mode=view&_iniciativas_mode=mostrarDetalle&_iniciativas_legislatura=XIV&_iniciativas_id=121/000125
22/11/2022,Presupuestos Generales del Estado,"Sección 12 (Ministerio de Asuntos Exteriores, Unión Europea y Cooperación)  null","Pérez Recuerda, Isabel Gema",GP,Abstención,11,175,106,57,https://www.congreso.es/es/busqueda-de-iniciativas?p_p_id=iniciativas&p_p_lifecycle=0&p_p_state=normal&p_p_mode=view&_iniciativas_mode=mostrarDetalle&_iniciativas_legislatura=XIV&_iniciativas_id=121/000125
22/11/2022,Presupuestos Generales del Estado,"Sección 12 (Ministerio de Asuntos Exteriores, Unión Europea y Cooperación)  null","Romaní Cantera, José Ignacio",GP,Abstención,11,175,106,57,https://www.congreso.es/es/busqueda-de-iniciativas?p_p_id=iniciativas&p_p_lifecycle=0&p_p_state=normal&p_p_mode=view&_iniciativas_mode=mostrarDetalle&_iniciativas_legislatura=XIV&_iniciativas_id=121/000125
22/11/2022,Presupuestos Generales del Estado,"Sección 12 (Ministerio de Asuntos Exteriores, Unión Europea y Cooperación)  null","Merino Martínez, Javier",GP,Abstención,11,175,106,57,https://www.congreso.es/es/busqueda-de-iniciativas?p_p_id=iniciativas&p_p_lifecycle=0&p_p_state=normal&p_p_mode=view&_iniciativas_mode=mostrarDetalle&_iniciativas_legislatura=XIV&_iniciativas_id=121/000125
22/11/2022,Presupuestos Generales del Estado,"Sección 12 (Ministerio de Asuntos Exteriores, Unión Europea y Cooperación)  null","Hoyo Juliá, Belén",GP,Abstención,11,175,106,57,https://www.congreso.es/es/busqueda-de-iniciativas?p_p_id=iniciativas&p_p_lifecycle=0&p_p_state=normal&p_p_mode=view&_iniciativas_mode=mostrarDetalle&_iniciativas_legislatura=XIV&_iniciativas_id=121/000125
22/11/2022,Presupuestos Generales del Estado,"Sección 12 (Ministerio de Asuntos Exteriores, Unión Europea y Cooperación)  null","Marcos Domínguez, Pilar",GP,Abstención,11,175,106,57,https://www.congreso.es/es/busqueda-de-iniciativas?p_p_id=iniciativas&p_p_lifecycle=0&p_p_state=normal&p_p_mode=view&_iniciativas_mode=mostrarDetalle&_iniciativas_legislatura=XIV&_iniciativas_id=121/000125
22/11/2022,Presupuestos Generales del Estado,"Sección 12 (Ministerio de Asuntos Exteriores, Unión Europea y Cooperación)  null","Gutiérrez Díaz de Otazu, Fernando Adolfo",GP,Abstención,11,175,106,57,https://www.congreso.es/es/busqueda-de-iniciativas?p_p_id=iniciativas&p_p_lifecycle=0&p_p_state=normal&p_p_mode=view&_iniciativas_mode=mostrarDetalle&_iniciativas_legislatura=XIV&_iniciativas_id=121/000125
22/11/2022,Presupuestos Generales del Estado,"Sección 12 (Ministerio de Asuntos Exteriores, Unión Europea y Cooperación)  null","De Luna Tobarra, Llanos",GP,Abstención,11,175,106,57,https://www.congreso.es/es/busqueda-de-iniciativas?p_p_id=iniciativas&p_p_lifecycle=0&p_p_state=normal&p_p_mode=view&_iniciativas_mode=mostrarDetalle&_iniciativas_legislatura=XIV&_iniciativas_id=121/000125
22/11/2022,Presupuestos Generales del Estado,"Sección 12 (Ministerio de Asuntos Exteriores, Unión Europea y Cooperación)  null","Cruz-Guzmán García, María Soledad",GP,Abstención,11,175,106,57,https://www.congreso.es/es/busqueda-de-iniciativas?p_p_id=iniciativas&p_p_lifecycle=0&p_p_state=normal&p_p_mode=view&_iniciativas_mode=mostrarDetalle&_iniciativas_legislatura=XIV&_iniciativas_id=121/000125
22/11/2022,Presupuestos Generales del Estado,"Sección 12 (Ministerio de Asuntos Exteriores, Unión Europea y Cooperación)  null","Pérez Díaz, María Auxiliadora",GP,Abstención,11,175,106,57,https://www.congreso.es/es/busqueda-de-iniciativas?p_p_id=iniciativas&p_p_lifecycle=0&p_p_state=normal&p_p_mode=view&_iniciativas_mode=mostrarDetalle&_iniciativas_legislatura=XIV&_iniciativas_id=121/000125
22/11/2022,Presupuestos Generales del Estado,"Sección 12 (Ministerio de Asuntos Exteriores, Unión Europea y Cooperación)  null","González Terol, Antonio",GP,Abstención,11,175,106,57,https://www.congreso.es/es/busqueda-de-iniciativas?p_p_id=iniciativas&p_p_lifecycle=0&p_p_state=normal&p_p_mode=view&_iniciativas_mode=mostrarDetalle&_iniciativas_legislatura=XIV&_iniciativas_id=121/000125
22/11/2022,Presupuestos Generales del Estado,"Sección 12 (Ministerio de Asuntos Exteriores, Unión Europea y Cooperación)  null","Olano Vela, Jaime Eduardo de",GP,Abstención,11,175,106,57,https://www.congreso.es/es/busqueda-de-iniciativas?p_p_id=iniciativas&p_p_lifecycle=0&p_p_state=normal&p_p_mode=view&_iniciativas_mode=mostrarDetalle&_iniciativas_legislatura=XIV&_iniciativas_id=121/000125
22/11/2022,Presupuestos Generales del Estado,"Sección 12 (Ministerio de Asuntos Exteriores, Unión Europea y Cooperación)  null","Bermúdez de Castro Fernández, José Antonio",GP,Abstención,11,175,106,57,https://www.congreso.es/es/busqueda-de-iniciativas?p_p_id=iniciativas&p_p_lifecycle=0&p_p_state=normal&p_p_mode=view&_iniciativas_mode=mostrarDetalle&_iniciativas_legislatura=XIV&_iniciativas_id=121/000125
22/11/2022,Presupuestos Generales del Estado,"Sección 12 (Ministerio de Asuntos Exteriores, Unión Europea y Cooperación)  null","Granollers Cunillera, Inés",GR,Abstención,11,175,106,57,https://www.congreso.es/es/busqueda-de-iniciativas?p_p_id=iniciativas&p_p_lifecycle=0&p_p_state=normal&p_p_mode=view&_iniciativas_mode=mostrarDetalle&_iniciativas_legislatura=XIV&_iniciativas_id=121/000125
22/11/2022,Presupuestos Generales del Estado,"Sección 12 (Ministerio de Asuntos Exteriores, Unión Europea y Cooperación)  null","Salvador i Duch, Jordi",GR,Abstención,11,175,106,57,https://www.congreso.es/es/busqueda-de-iniciativas?p_p_id=iniciativas&p_p_lifecycle=0&p_p_state=normal&p_p_mode=view&_iniciativas_mode=mostrarDetalle&_iniciativas_legislatura=XIV&_iniciativas_id=121/000125
22/11/2022,Presupuestos Generales del Estado,"Sección 12 (Ministerio de Asuntos Exteriores, Unión Europea y Cooperación)  null","Rosique i Saltor, Marta",GR,Abstención,11,175,106,57,https://www.congreso.es/es/busqueda-de-iniciativas?p_p_id=iniciativas&p_p_lifecycle=0&p_p_state=normal&p_p_mode=view&_iniciativas_mode=mostrarDetalle&_iniciativas_legislatura=XIV&_iniciativas_id=121/000125
22/11/2022,Presupuestos Generales del Estado,"Sección 12 (Ministerio de Asuntos Exteriores, Unión Europea y Cooperación)  null","Eritja Ciuró, Francesc Xavier",GR,Abstención,11,175,106,57,https://www.congreso.es/es/busqueda-de-iniciativas?p_p_id=iniciativas&p_p_lifecycle=0&p_p_state=normal&p_p_mode=view&_iniciativas_mode=mostrarDetalle&_iniciativas_legislatura=XIV&_iniciativas_id=121/000125
22/11/2022,Presupuestos Generales del Estado,"Sección 12 (Ministerio de Asuntos Exteriores, Unión Europea y Cooperación)  null","Rufián Romero, Gabriel",GR,Abstención,11,175,106,57,https://www.congreso.es/es/busqueda-de-iniciativas?p_p_id=iniciativas&p_p_lifecycle=0&p_p_state=normal&p_p_mode=view&_iniciativas_mode=mostrarDetalle&_iniciativas_legislatura=XIV&_iniciativas_id=121/000125
22/11/2022,Presupuestos Generales del Estado,"Sección 12 (Ministerio de Asuntos Exteriores, Unión Europea y Cooperación)  null","Carvalho Dantas, María",GR,Abstención,11,175,106,57,https://www.congreso.es/es/busqueda-de-iniciativas?p_p_id=iniciativas&p_p_lifecycle=0&p_p_state=normal&p_p_mode=view&_iniciativas_mode=mostrarDetalle&_iniciativas_legislatura=XIV&_iniciativas_id=121/000125
22/11/2022,Presupuestos Generales del Estado,"Sección 12 (Ministerio de Asuntos Exteriores, Unión Europea y Cooperación)  null","Pujol i Farré, Norma",GR,Abstención,11,175,106,57,https://www.congreso.es/es/busqueda-de-iniciativas?p_p_id=iniciativas&p_p_lifecycle=0&p_p_state=normal&p_p_mode=view&_iniciativas_mode=mostrarDetalle&_iniciativas_legislatura=XIV&_iniciativas_id=121/000125
22/11/2022,Presupuestos Generales del Estado,"Sección 12 (Ministerio de Asuntos Exteriores, Unión Europea y Cooperación)  null","Bassa Coll, Montserrat",GR,Abstención,11,175,106,57,https://www.congreso.es/es/busqueda-de-iniciativas?p_p_id=iniciativas&p_p_lifecycle=0&p_p_state=normal&p_p_mode=view&_iniciativas_mode=mostrarDetalle&_iniciativas_legislatura=XIV&_iniciativas_id=121/000125
22/11/2022,Presupuestos Generales del Estado,"Sección 12 (Ministerio de Asuntos Exteriores, Unión Europea y Cooperación)  null","Margall Sastre, Joan",GR,Abstención,11,175,106,57,https://www.congreso.es/es/busqueda-de-iniciativas?p_p_id=iniciativas&p_p_lifecycle=0&p_p_state=normal&p_p_mode=view&_iniciativas_mode=mostrarDetalle&_iniciativas_legislatura=XIV&_iniciativas_id=121/000125
22/11/2022,Presupuestos Generales del Estado,"Sección 12 (Ministerio de Asuntos Exteriores, Unión Europea y Cooperación)  null","Jiménez Linuesa, Beatriz",GP,Abstención,11,175,106,57,https://www.congreso.es/es/busqueda-de-iniciativas?p_p_id=iniciativas&p_p_lifecycle=0&p_p_state=normal&p_p_mode=view&_iniciativas_mode=mostrarDetalle&_iniciativas_legislatura=XIV&_iniciativas_id=121/000125
22/11/2022,Presupuestos Generales del Estado,"Sección 12 (Ministerio de Asuntos Exteriores, Unión Europea y Cooperación)  null","Gamazo Micó, Óscar",GP,Abstención,11,175,106,57,https://www.congreso.es/es/busqueda-de-iniciativas?p_p_id=iniciativas&p_p_lifecycle=0&p_p_state=normal&p_p_mode=view&_iniciativas_mode=mostrarDetalle&_iniciativas_legislatura=XIV&_iniciativas_id=121/000125
22/11/2022,Presupuestos Generales del Estado,"Sección 12 (Ministerio de Asuntos Exteriores, Unión Europea y Cooperación)  null","Suárez Lamata, Eloy",GP,Abstención,11,175,106,57,https://www.congreso.es/es/busqueda-de-iniciativas?p_p_id=iniciativas&p_p_lifecycle=0&p_p_state=normal&p_p_mode=view&_iniciativas_mode=mostrarDetalle&_iniciativas_legislatura=XIV&_iniciativas_id=121/000125
22/11/2022,Presupuestos Generales del Estado,"Sección 12 (Ministerio de Asuntos Exteriores, Unión Europea y Cooperación)  null","Garcés Sanagustín, Mario",GP,Abstención,11,175,106,57,https://www.congreso.es/es/busqueda-de-iniciativas?p_p_id=iniciativas&p_p_lifecycle=0&p_p_state=normal&p_p_mode=view&_iniciativas_mode=mostrarDetalle&_iniciativas_legislatura=XIV&_iniciativas_id=121/000125
22/11/2022,Presupuestos Generales del Estado,"Sección 12 (Ministerio de Asuntos Exteriores, Unión Europea y Cooperación)  null","Navarro López, Pedro",GP,Abstención,11,175,106,57,https://www.congreso.es/es/busqueda-de-iniciativas?p_p_id=iniciativas&p_p_lifecycle=0&p_p_state=normal&p_p_mode=view&_iniciativas_mode=mostrarDetalle&_iniciativas_legislatura=XIV&_iniciativas_id=121/000125
22/11/2022,Presupuestos Generales del Estado,"Sección 12 (Ministerio de Asuntos Exteriores, Unión Europea y Cooperación)  null","Betoret Coll, Vicente",GP,Abstención,11,175,106,57,https://www.congreso.es/es/busqueda-de-iniciativas?p_p_id=iniciativas&p_p_lifecycle=0&p_p_state=normal&p_p_mode=view&_iniciativas_mode=mostrarDetalle&_iniciativas_legislatura=XIV&_iniciativas_id=121/000125
22/11/2022,Presupuestos Generales del Estado,"Sección 12 (Ministerio de Asuntos Exteriores, Unión Europea y Cooperación)  null","Aragonés Mendiguchía, Carlos",GP,Abstención,11,175,106,57,https://www.congreso.es/es/busqueda-de-iniciativas?p_p_id=iniciativas&p_p_lifecycle=0&p_p_state=normal&p_p_mode=view&_iniciativas_mode=mostrarDetalle&_iniciativas_legislatura=XIV&_iniciativas_id=121/000125
22/11/2022,Presupuestos Generales del Estado,"Sección 12 (Ministerio de Asuntos Exteriores, Unión Europea y Cooperación)  null","González Vázquez, Marta",GP,Abstención,11,175,106,57,https://www.congreso.es/es/busqueda-de-iniciativas?p_p_id=iniciativas&p_p_lifecycle=0&p_p_state=normal&p_p_mode=view&_iniciativas_mode=mostrarDetalle&_iniciativas_legislatura=XIV&_iniciativas_id=121/000125
22/11/2022,Presupuestos Generales del Estado,"Sección 12 (Ministerio de Asuntos Exteriores, Unión Europea y Cooperación)  null","Herrero Bono, José Alberto",GP,Abstención,11,175,106,57,https://www.congreso.es/es/busqueda-de-iniciativas?p_p_id=iniciativas&p_p_lifecycle=0&p_p_state=normal&p_p_mode=view&_iniciativas_mode=mostrarDetalle&_iniciativas_legislatura=XIV&_iniciativas_id=121/000125
22/11/2022,Presupuestos Generales del Estado,"Sección 12 (Ministerio de Asuntos Exteriores, Unión Europea y Cooperación)  null","Paniagua Núñez, Miguel Ángel",GP,Abstención,11,175,106,57,https://www.congreso.es/es/busqueda-de-iniciativas?p_p_id=iniciativas&p_p_lifecycle=0&p_p_state=normal&p_p_mode=view&_iniciativas_mode=mostrarDetalle&_iniciativas_legislatura=XIV&_iniciativas_id=121/000125
22/11/2022,Presupuestos Generales del Estado,"Sección 12 (Ministerio de Asuntos Exteriores, Unión Europea y Cooperación)  null","Romero Hernández, Carmelo",GP,Abstención,11,175,106,57,https://www.congreso.es/es/busqueda-de-iniciativas?p_p_id=iniciativas&p_p_lifecycle=0&p_p_state=normal&p_p_mode=view&_iniciativas_mode=mostrarDetalle&_iniciativas_legislatura=XIV&_iniciativas_id=121/000125
22/11/2022,Presupuestos Generales del Estado,"Sección 12 (Ministerio de Asuntos Exteriores, Unión Europea y Cooperación)  null","Rojas García, Carlos",GP,Abstención,11,175,106,57,https://www.congreso.es/es/busqueda-de-iniciativas?p_p_id=iniciativas&p_p_lifecycle=0&p_p_state=normal&p_p_mode=view&_iniciativas_mode=mostrarDetalle&_iniciativas_legislatura=XIV&_iniciativas_id=121/000125
22/11/2022,Presupuestos Generales del Estado,"Sección 12 (Ministerio de Asuntos Exteriores, Unión Europea y Cooperación)  null","Prohens Rigo, Margarita",GP,Abstención,11,175,106,57,https://www.congreso.es/es/busqueda-de-iniciativas?p_p_id=iniciativas&p_p_lifecycle=0&p_p_state=normal&p_p_mode=view&_iniciativas_mode=mostrarDetalle&_iniciativas_legislatura=XIV&_iniciativas_id=121/000125
22/11/2022,Presupuestos Generales del Estado,"Sección 12 (Ministerio de Asuntos Exteriores, Unión Europea y Cooperación)  null","Alonso Pérez, José Ángel",GP,Abstención,11,175,106,57,https://www.congreso.es/es/busqueda-de-iniciativas?p_p_id=iniciativas&p_p_lifecycle=0&p_p_state=normal&p_p_mode=view&_iniciativas_mode=mostrarDetalle&_iniciativas_legislatura=XIV&_iniciativas_id=121/000125
22/11/2022,Presupuestos Generales del Estado,"Sección 12 (Ministerio de Asuntos Exteriores, Unión Europea y Cooperación)  null","Carazo Hermoso, Eduardo",GP,Abstención,11,175,106,57,https://www.congreso.es/es/busqueda-de-iniciativas?p_p_id=iniciativas&p_p_lifecycle=0&p_p_state=normal&p_p_mode=view&_iniciativas_mode=mostrarDetalle&_iniciativas_legislatura=XIV&_iniciativas_id=121/000125
22/11/2022,Presupuestos Generales del Estado,"Sección 12 (Ministerio de Asuntos Exteriores, Unión Europea y Cooperación)  null","Sánchez Pérez, César",GP,Abstención,11,175,106,57,https://www.congreso.es/es/busqueda-de-iniciativas?p_p_id=iniciativas&p_p_lifecycle=0&p_p_state=normal&p_p_mode=view&_iniciativas_mode=mostrarDetalle&_iniciativas_legislatura=XIV&_iniciativas_id=121/000125
22/11/2022,Presupuestos Generales del Estado,"Sección 12 (Ministerio de Asuntos Exteriores, Unión Europea y Cooperación)  null","Beltrán Villalba, Ana María",GP,Abstención,11,175,106,57,https://www.congreso.es/es/busqueda-de-iniciativas?p_p_id=iniciativas&p_p_lifecycle=0&p_p_state=normal&p_p_mode=view&_iniciativas_mode=mostrarDetalle&_iniciativas_legislatura=XIV&_iniciativas_id=121/000125
22/11/2022,Presupuestos Generales del Estado,"Sección 12 (Ministerio de Asuntos Exteriores, Unión Europea y Cooperación)  null","Gamarra Ruiz-Clavijo, Concepción",GP,Abstención,11,175,106,57,https://www.congreso.es/es/busqueda-de-iniciativas?p_p_id=iniciativas&p_p_lifecycle=0&p_p_state=normal&p_p_mode=view&_iniciativas_mode=mostrarDetalle&_iniciativas_legislatura=XIV&_iniciativas_id=121/000125
22/11/2022,Presupuestos Generales del Estado,"Sección 12 (Ministerio de Asuntos Exteriores, Unión Europea y Cooperación)  null","Santamaría Ruiz, Luis",GP,Abstención,11,175,106,57,https://www.congreso.es/es/busqueda-de-iniciativas?p_p_id=iniciativas&p_p_lifecycle=0&p_p_state=normal&p_p_mode=view&_iniciativas_mode=mostrarDetalle&_iniciativas_legislatura=XIV&_iniciativas_id=121/000125
22/11/2022,Presupuestos Generales del Estado,"Sección 12 (Ministerio de Asuntos Exteriores, Unión Europea y Cooperación)  null","Riolobos Regadera, Carmen",GP,Abstención,11,175,106,57,https://www.congreso.es/es/busqueda-de-iniciativas?p_p_id=iniciativas&p_p_lifecycle=0&p_p_state=normal&p_p_mode=view&_iniciativas_mode=mostrarDetalle&_iniciativas_legislatura=XIV&_iniciativas_id=121/000125
22/11/2022,Presupuestos Generales del Estado,"Sección 12 (Ministerio de Asuntos Exteriores, Unión Europea y Cooperación)  null","Píriz Maya, Víctor Valentín",GP,Abstención,11,175,106,57,https://www.congreso.es/es/busqueda-de-iniciativas?p_p_id=iniciativas&p_p_lifecycle=0&p_p_state=normal&p_p_mode=view&_iniciativas_mode=mostrarDetalle&_iniciativas_legislatura=XIV&_iniciativas_id=121/000125
22/11/2022,Presupuestos Generales del Estado,"Sección 12 (Ministerio de Asuntos Exteriores, Unión Europea y Cooperación)  null","Velasco Morillo, Elvira",GP,Abstención,11,175,106,57,https://www.congreso.es/es/busqueda-de-iniciativas?p_p_id=iniciativas&p_p_lifecycle=0&p_p_state=normal&p_p_mode=view&_iniciativas_mode=mostrarDetalle&_iniciativas_legislatura=XIV&_iniciativas_id=121/000125
22/11/2022,Presupuestos Generales del Estado,"Sección 12 (Ministerio de Asuntos Exteriores, Unión Europea y Cooperación)  null","García Díez, Joaquín María",GP,Abstención,11,175,106,57,https://www.congreso.es/es/busqueda-de-iniciativas?p_p_id=iniciativas&p_p_lifecycle=0&p_p_state=normal&p_p_mode=view&_iniciativas_mode=mostrarDetalle&_iniciativas_legislatura=XIV&_iniciativas_id=121/000125
22/11/2022,Presupuestos Generales del Estado,"Sección 12 (Ministerio de Asuntos Exteriores, Unión Europea y Cooperación)  null","Bel Accensi, Ferran",GPlu,Abstención,11,175,106,57,https://www.congreso.es/es/busqueda-de-iniciativas?p_p_id=iniciativas&p_p_lifecycle=0&p_p_state=normal&p_p_mode=view&_iniciativas_mode=mostrarDetalle&_iniciativas_legislatura=XIV&_iniciativas_id=121/000125
22/11/2022,Presupuestos Generales del Estado,"Sección 12 (Ministerio de Asuntos Exteriores, Unión Europea y Cooperación)  null","Vega Arias, Rubén Darío",GVOX,No vota,11,175,106,57,https://www.congreso.es/es/busqueda-de-iniciativas?p_p_id=iniciativas&p_p_lifecycle=0&p_p_state=normal&p_p_mode=view&_iniciativas_mode=mostrarDetalle&_iniciativas_legislatura=XIV&_iniciativas_id=121/000125
22/11/2022,Presupuestos Generales del Estado,"Sección 12 (Ministerio de Asuntos Exteriores, Unión Europea y Cooperación)  null","Sánchez Pérez-Castejón, Pedro",GS,No vota,11,175,106,57,https://www.congreso.es/es/busqueda-de-iniciativas?p_p_id=iniciativas&p_p_lifecycle=0&p_p_state=normal&p_p_mode=view&_iniciativas_mode=mostrarDetalle&_iniciativas_legislatura=XIV&_iniciativas_id=121/000125
22/11/2022,Presupuestos Generales del Estado,"Sección 12 (Ministerio de Asuntos Exteriores, Unión Europea y Cooperación)  null","Trías Gil, Georgina",GVOX,No vota,11,175,106,57,https://www.congreso.es/es/busqueda-de-iniciativas?p_p_id=iniciativas&p_p_lifecycle=0&p_p_state=normal&p_p_mode=view&_iniciativas_mode=mostrarDetalle&_iniciativas_legislatura=XIV&_iniciativas_id=121/000125
22/11/2022,Presupuestos Generales del Estado,"Sección 12 (Ministerio de Asuntos Exteriores, Unión Europea y Cooperación)  null","Sáez Alonso-Muñumer, Pablo",GVOX,No vota,11,175,106,57,https://www.congreso.es/es/busqueda-de-iniciativas?p_p_id=iniciativas&p_p_lifecycle=0&p_p_state=normal&p_p_mode=view&_iniciativas_mode=mostrarDetalle&_iniciativas_legislatura=XIV&_iniciativas_id=121/000125
22/11/2022,Presupuestos Generales del Estado,"Sección 12 (Ministerio de Asuntos Exteriores, Unión Europea y Cooperación)  null","Nevado del Campo, María Magdalena",GVOX,No vota,11,175,106,57,https://www.congreso.es/es/busqueda-de-iniciativas?p_p_id=iniciativas&p_p_lifecycle=0&p_p_state=normal&p_p_mode=view&_iniciativas_mode=mostrarDetalle&_iniciativas_legislatura=XIV&_iniciativas_id=121/000125
22/11/2022,Presupuestos Generales del Estado,"Sección 12 (Ministerio de Asuntos Exteriores, Unión Europea y Cooperación)  null","Fernández-Lomana Gutiérrez, Rafael",GVOX,No vota,11,175,106,57,https://www.congreso.es/es/busqueda-de-iniciativas?p_p_id=iniciativas&p_p_lifecycle=0&p_p_state=normal&p_p_mode=view&_iniciativas_mode=mostrarDetalle&_iniciativas_legislatura=XIV&_iniciativas_id=121/000125
22/11/2022,Presupuestos Generales del Estado,"Sección 12 (Ministerio de Asuntos Exteriores, Unión Europea y Cooperación)  null","Gil Lázaro, Ignacio",GVOX,No vota,11,175,106,57,https://www.congreso.es/es/busqueda-de-iniciativas?p_p_id=iniciativas&p_p_lifecycle=0&p_p_state=normal&p_p_mode=view&_iniciativas_mode=mostrarDetalle&_iniciativas_legislatura=XIV&_iniciativas_id=121/000125
22/11/2022,Presupuestos Generales del Estado,"Sección 12 (Ministerio de Asuntos Exteriores, Unión Europea y Cooperación)  null","Toscano de Balbín, Carla",GVOX,No vota,11,175,106,57,https://www.congreso.es/es/busqueda-de-iniciativas?p_p_id=iniciativas&p_p_lifecycle=0&p_p_state=normal&p_p_mode=view&_iniciativas_mode=mostrarDetalle&_iniciativas_legislatura=XIV&_iniciativas_id=121/000125
22/11/2022,Presupuestos Generales del Estado,"Sección 12 (Ministerio de Asuntos Exteriores, Unión Europea y Cooperación)  null","Esteban Calonje, Cristina Alicia",GVOX,No vota,11,175,106,57,https://www.congreso.es/es/busqueda-de-iniciativas?p_p_id=iniciativas&p_p_lifecycle=0&p_p_state=normal&p_p_mode=view&_iniciativas_mode=mostrarDetalle&_iniciativas_legislatura=XIV&_iniciativas_id=121/000125
22/11/2022,Presupuestos Generales del Estado,"Sección 12 (Ministerio de Asuntos Exteriores, Unión Europea y Cooperación)  null","Ruiz Solás, María de la Cabeza",GVOX,No vota,11,175,106,57,https://www.congreso.es/es/busqueda-de-iniciativas?p_p_id=iniciativas&p_p_lifecycle=0&p_p_state=normal&p_p_mode=view&_iniciativas_mode=mostrarDetalle&_iniciativas_legislatura=XIV&_iniciativas_id=121/000125
22/11/2022,Presupuestos Generales del Estado,"Sección 12 (Ministerio de Asuntos Exteriores, Unión Europea y Cooperación)  null","López Maraver, Ángel",GVOX,No vota,11,175,106,57,https://www.congreso.es/es/busqueda-de-iniciativas?p_p_id=iniciativas&p_p_lifecycle=0&p_p_state=normal&p_p_mode=view&_iniciativas_mode=mostrarDetalle&_iniciativas_legislatura=XIV&_iniciativas_id=121/000125
22/11/2022,Presupuestos Generales del Estado,"Sección 12 (Ministerio de Asuntos Exteriores, Unión Europea y Cooperación)  null","Figaredo Álvarez-Sala, José María",GVOX,No vota,11,175,106,57,https://www.congreso.es/es/busqueda-de-iniciativas?p_p_id=iniciativas&p_p_lifecycle=0&p_p_state=normal&p_p_mode=view&_iniciativas_mode=mostrarDetalle&_iniciativas_legislatura=XIV&_iniciativas_id=121/000125
22/11/2022,Presupuestos Generales del Estado,"Sección 12 (Ministerio de Asuntos Exteriores, Unión Europea y Cooperación)  null","Sánchez García, José María",GVOX,No vota,11,175,106,57,https://www.congreso.es/es/busqueda-de-iniciativas?p_p_id=iniciativas&p_p_lifecycle=0&p_p_state=normal&p_p_mode=view&_iniciativas_mode=mostrarDetalle&_iniciativas_legislatura=XIV&_iniciativas_id=121/000125
22/11/2022,Presupuestos Generales del Estado,"Sección 12 (Ministerio de Asuntos Exteriores, Unión Europea y Cooperación)  null","Ortega Smith-Molina, Francisco Javier",GVOX,No vota,11,175,106,57,https://www.congreso.es/es/busqueda-de-iniciativas?p_p_id=iniciativas&p_p_lifecycle=0&p_p_state=normal&p_p_mode=view&_iniciativas_mode=mostrarDetalle&_iniciativas_legislatura=XIV&_iniciativas_id=121/000125
22/11/2022,Presupuestos Generales del Estado,"Sección 12 (Ministerio de Asuntos Exteriores, Unión Europea y Cooperación)  null","López Álvarez, María Teresa",GVOX,No vota,11,175,106,57,https://www.congreso.es/es/busqueda-de-iniciativas?p_p_id=iniciativas&p_p_lifecycle=0&p_p_state=normal&p_p_mode=view&_iniciativas_mode=mostrarDetalle&_iniciativas_legislatura=XIV&_iniciativas_id=121/000125
22/11/2022,Presupuestos Generales del Estado,"Sección 12 (Ministerio de Asuntos Exteriores, Unión Europea y Cooperación)  null","Utrilla Cano, Julio",GVOX,No vota,11,175,106,57,https://www.congreso.es/es/busqueda-de-iniciativas?p_p_id=iniciativas&p_p_lifecycle=0&p_p_state=normal&p_p_mode=view&_iniciativas_mode=mostrarDetalle&_iniciativas_legislatura=XIV&_iniciativas_id=121/000125
22/11/2022,Presupuestos Generales del Estado,"Sección 12 (Ministerio de Asuntos Exteriores, Unión Europea y Cooperación)  null","Fernández Ríos, Tomás",GVOX,No vota,11,175,106,57,https://www.congreso.es/es/busqueda-de-iniciativas?p_p_id=iniciativas&p_p_lifecycle=0&p_p_state=normal&p_p_mode=view&_iniciativas_mode=mostrarDetalle&_iniciativas_legislatura=XIV&_iniciativas_id=121/000125
22/11/2022,Presupuestos Generales del Estado,"Sección 12 (Ministerio de Asuntos Exteriores, Unión Europea y Cooperación)  null","De Meer Méndez, Rocío",GVOX,No vota,11,175,106,57,https://www.congreso.es/es/busqueda-de-iniciativas?p_p_id=iniciativas&p_p_lifecycle=0&p_p_state=normal&p_p_mode=view&_iniciativas_mode=mostrarDetalle&_iniciativas_legislatura=XIV&_iniciativas_id=121/000125
22/11/2022,Presupuestos Generales del Estado,"Sección 12 (Ministerio de Asuntos Exteriores, Unión Europea y Cooperación)  null","Mazón Ramos, José María",GMx,No vota,11,175,106,57,https://www.congreso.es/es/busqueda-de-iniciativas?p_p_id=iniciativas&p_p_lifecycle=0&p_p_state=normal&p_p_mode=view&_iniciativas_mode=mostrarDetalle&_iniciativas_legislatura=XIV&_iniciativas_id=121/000125
22/11/2022,Presupuestos Generales del Estado,"Sección 12 (Ministerio de Asuntos Exteriores, Unión Europea y Cooperación)  null","Gutiérrez Salinas, Indalecio",GS,No vota,11,175,106,57,https://www.congreso.es/es/busqueda-de-iniciativas?p_p_id=iniciativas&p_p_lifecycle=0&p_p_state=normal&p_p_mode=view&_iniciativas_mode=mostrarDetalle&_iniciativas_legislatura=XIV&_iniciativas_id=121/000125
22/11/2022,Presupuestos Generales del Estado,"Sección 12 (Ministerio de Asuntos Exteriores, Unión Europea y Cooperación)  null","Jara Moreno, Mercedes",GVOX,No vota,11,175,106,57,https://www.congreso.es/es/busqueda-de-iniciativas?p_p_id=iniciativas&p_p_lifecycle=0&p_p_state=normal&p_p_mode=view&_iniciativas_mode=mostrarDetalle&_iniciativas_legislatura=XIV&_iniciativas_id=121/000125
22/11/2022,Presupuestos Generales del Estado,"Sección 12 (Ministerio de Asuntos Exteriores, Unión Europea y Cooperación)  null","Segura Just, Juan Carlos",GVOX,No vota,11,175,106,57,https://www.congreso.es/es/busqueda-de-iniciativas?p_p_id=iniciativas&p_p_lifecycle=0&p_p_state=normal&p_p_mode=view&_iniciativas_mode=mostrarDetalle&_iniciativas_legislatura=XIV&_iniciativas_id=121/000125
22/11/2022,Presupuestos Generales del Estado,"Sección 12 (Ministerio de Asuntos Exteriores, Unión Europea y Cooperación)  null","Miralles Martín, Onofre",GVOX,No vota,11,175,106,57,https://www.congreso.es/es/busqueda-de-iniciativas?p_p_id=iniciativas&p_p_lifecycle=0&p_p_state=normal&p_p_mode=view&_iniciativas_mode=mostrarDetalle&_iniciativas_legislatura=XIV&_iniciativas_id=121/000125
22/11/2022,Presupuestos Generales del Estado,"Sección 12 (Ministerio de Asuntos Exteriores, Unión Europea y Cooperación)  null","Borrás Pabón, Mireia",GVOX,No vota,11,175,106,57,https://www.congreso.es/es/busqueda-de-iniciativas?p_p_id=iniciativas&p_p_lifecycle=0&p_p_state=normal&p_p_mode=view&_iniciativas_mode=mostrarDetalle&_iniciativas_legislatura=XIV&_iniciativas_id=121/000125
22/11/2022,Presupuestos Generales del Estado,"Sección 12 (Ministerio de Asuntos Exteriores, Unión Europea y Cooperación)  null","Fernández Hernández, Pedro",GVOX,No vota,11,175,106,57,https://www.congreso.es/es/busqueda-de-iniciativas?p_p_id=iniciativas&p_p_lifecycle=0&p_p_state=normal&p_p_mode=view&_iniciativas_mode=mostrarDetalle&_iniciativas_legislatura=XIV&_iniciativas_id=121/000125
22/11/2022,Presupuestos Generales del Estado,"Sección 12 (Ministerio de Asuntos Exteriores, Unión Europea y Cooperación)  null","Aizcorbe Torra, Juan José",GVOX,No vota,11,175,106,57,https://www.congreso.es/es/busqueda-de-iniciativas?p_p_id=iniciativas&p_p_lifecycle=0&p_p_state=normal&p_p_mode=view&_iniciativas_mode=mostrarDetalle&_iniciativas_legislatura=XIV&_iniciativas_id=121/000125
22/11/2022,Presupuestos Generales del Estado,"Sección 12 (Ministerio de Asuntos Exteriores, Unión Europea y Cooperación)  null","Cañizares Pacheco, Inés María",GVOX,No vota,11,175,106,57,https://www.congreso.es/es/busqueda-de-iniciativas?p_p_id=iniciativas&p_p_lifecycle=0&p_p_state=normal&p_p_mode=view&_iniciativas_mode=mostrarDetalle&_iniciativas_legislatura=XIV&_iniciativas_id=121/000125
22/11/2022,Presupuestos Generales del Estado,"Sección 12 (Ministerio de Asuntos Exteriores, Unión Europea y Cooperación)  null","Mariscal Zabala, Manuel",GVOX,No vota,11,175,106,57,https://www.congreso.es/es/busqueda-de-iniciativas?p_p_id=iniciativas&p_p_lifecycle=0&p_p_state=normal&p_p_mode=view&_iniciativas_mode=mostrarDetalle&_iniciativas_legislatura=XIV&_iniciativas_id=121/000125
22/11/2022,Presupuestos Generales del Estado,"Sección 12 (Ministerio de Asuntos Exteriores, Unión Europea y Cooperación)  null","Salvá Verd, Antonio",GVOX,No vota,11,175,106,57,https://www.congreso.es/es/busqueda-de-iniciativas?p_p_id=iniciativas&p_p_lifecycle=0&p_p_state=normal&p_p_mode=view&_iniciativas_mode=mostrarDetalle&_iniciativas_legislatura=XIV&_iniciativas_id=121/000125
22/11/2022,Presupuestos Generales del Estado,"Sección 12 (Ministerio de Asuntos Exteriores, Unión Europea y Cooperación)  null","Jiménez Revuelta, Rodrigo",GVOX,No vota,11,175,106,57,https://www.congreso.es/es/busqueda-de-iniciativas?p_p_id=iniciativas&p_p_lifecycle=0&p_p_state=normal&p_p_mode=view&_iniciativas_mode=mostrarDetalle&_iniciativas_legislatura=XIV&_iniciativas_id=121/000125
22/11/2022,Presupuestos Generales del Estado,"Sección 12 (Ministerio de Asuntos Exteriores, Unión Europea y Cooperación)  null","Romero Vilches, María de los Reyes",GVOX,No vota,11,175,106,57,https://www.congreso.es/es/busqueda-de-iniciativas?p_p_id=iniciativas&p_p_lifecycle=0&p_p_state=normal&p_p_mode=view&_iniciativas_mode=mostrarDetalle&_iniciativas_legislatura=XIV&_iniciativas_id=121/000125
22/11/2022,Presupuestos Generales del Estado,"Sección 12 (Ministerio de Asuntos Exteriores, Unión Europea y Cooperación)  null","Del Valle Rodríguez, Emilio Jesús",GVOX,No vota,11,175,106,57,https://www.congreso.es/es/busqueda-de-iniciativas?p_p_id=iniciativas&p_p_lifecycle=0&p_p_state=normal&p_p_mode=view&_iniciativas_mode=mostrarDetalle&_iniciativas_legislatura=XIV&_iniciativas_id=121/000125
22/11/2022,Presupuestos Generales del Estado,"Sección 12 (Ministerio de Asuntos Exteriores, Unión Europea y Cooperación)  null","Méndez Monasterio, Lourdes",GVOX,No vota,11,175,106,57,https://www.congreso.es/es/busqueda-de-iniciativas?p_p_id=iniciativas&p_p_lifecycle=0&p_p_state=normal&p_p_mode=view&_iniciativas_mode=mostrarDetalle&_iniciativas_legislatura=XIV&_iniciativas_id=121/000125
22/11/2022,Presupuestos Generales del Estado,"Sección 12 (Ministerio de Asuntos Exteriores, Unión Europea y Cooperación)  null","Telechea i Lozano, Carolina",GR,No vota,11,175,106,57,https://www.congreso.es/es/busqueda-de-iniciativas?p_p_id=iniciativas&p_p_lifecycle=0&p_p_state=normal&p_p_mode=view&_iniciativas_mode=mostrarDetalle&_iniciativas_legislatura=XIV&_iniciativas_id=121/000125
22/11/2022,Presupuestos Generales del Estado,"Sección 12 (Ministerio de Asuntos Exteriores, Unión Europea y Cooperación)  null","Sánchez del Real, Víctor Manuel",GVOX,No vota,11,175,106,57,https://www.congreso.es/es/busqueda-de-iniciativas?p_p_id=iniciativas&p_p_lifecycle=0&p_p_state=normal&p_p_mode=view&_iniciativas_mode=mostrarDetalle&_iniciativas_legislatura=XIV&_iniciativas_id=121/000125
22/11/2022,Presupuestos Generales del Estado,"Sección 12 (Ministerio de Asuntos Exteriores, Unión Europea y Cooperación)  null","Calvo Liste, Pablo Juan",GVOX,No vota,11,175,106,57,https://www.congreso.es/es/busqueda-de-iniciativas?p_p_id=iniciativas&p_p_lifecycle=0&p_p_state=normal&p_p_mode=view&_iniciativas_mode=mostrarDetalle&_iniciativas_legislatura=XIV&_iniciativas_id=121/000125
22/11/2022,Presupuestos Generales del Estado,"Sección 12 (Ministerio de Asuntos Exteriores, Unión Europea y Cooperación)  null","Ruiz Navarro, Eduardo Luis",GVOX,No vota,11,175,106,57,https://www.congreso.es/es/busqueda-de-iniciativas?p_p_id=iniciativas&p_p_lifecycle=0&p_p_state=normal&p_p_mode=view&_iniciativas_mode=mostrarDetalle&_iniciativas_legislatura=XIV&_iniciativas_id=121/000125
22/11/2022,Presupuestos Generales del Estado,"Sección 12 (Ministerio de Asuntos Exteriores, Unión Europea y Cooperación)  null","Contreras Peláez, Francisco José",GVOX,No vota,11,175,106,57,https://www.congreso.es/es/busqueda-de-iniciativas?p_p_id=iniciativas&p_p_lifecycle=0&p_p_state=normal&p_p_mode=view&_iniciativas_mode=mostrarDetalle&_iniciativas_legislatura=XIV&_iniciativas_id=121/000125
22/11/2022,Presupuestos Generales del Estado,"Sección 12 (Ministerio de Asuntos Exteriores, Unión Europea y Cooperación)  null","Robles López, Joaquín",GVOX,No vota,11,175,106,57,https://www.congreso.es/es/busqueda-de-iniciativas?p_p_id=iniciativas&p_p_lifecycle=0&p_p_state=normal&p_p_mode=view&_iniciativas_mode=mostrarDetalle&_iniciativas_legislatura=XIV&_iniciativas_id=121/000125
22/11/2022,Presupuestos Generales del Estado,"Sección 12 (Ministerio de Asuntos Exteriores, Unión Europea y Cooperación)  null","De las Heras Fernández, Patricia",GVOX,No vota,11,175,106,57,https://www.congreso.es/es/busqueda-de-iniciativas?p_p_id=iniciativas&p_p_lifecycle=0&p_p_state=normal&p_p_mode=view&_iniciativas_mode=mostrarDetalle&_iniciativas_legislatura=XIV&_iniciativas_id=121/000125
22/11/2022,Presupuestos Generales del Estado,"Sección 12 (Ministerio de Asuntos Exteriores, Unión Europea y Cooperación)  null","Alcaraz Martos, Francisco José",GVOX,No vota,11,175,106,57,https://www.congreso.es/es/busqueda-de-iniciativas?p_p_id=iniciativas&p_p_lifecycle=0&p_p_state=normal&p_p_mode=view&_iniciativas_mode=mostrarDetalle&_iniciativas_legislatura=XIV&_iniciativas_id=121/000125
22/11/2022,Presupuestos Generales del Estado,"Sección 12 (Ministerio de Asuntos Exteriores, Unión Europea y Cooperación)  null","Zambrano García-Raez, Carlos José",GVOX,No vota,11,175,106,57,https://www.congreso.es/es/busqueda-de-iniciativas?p_p_id=iniciativas&p_p_lifecycle=0&p_p_state=normal&p_p_mode=view&_iniciativas_mode=mostrarDetalle&_iniciativas_legislatura=XIV&_iniciativas_id=121/000125
22/11/2022,Presupuestos Generales del Estado,"Sección 12 (Ministerio de Asuntos Exteriores, Unión Europea y Cooperación)  null","Rosety Fernández de Castro, Agustín",GVOX,No vota,11,175,106,57,https://www.congreso.es/es/busqueda-de-iniciativas?p_p_id=iniciativas&p_p_lifecycle=0&p_p_state=normal&p_p_mode=view&_iniciativas_mode=mostrarDetalle&_iniciativas_legislatura=XIV&_iniciativas_id=121/000125
22/11/2022,Presupuestos Generales del Estado,"Sección 12 (Ministerio de Asuntos Exteriores, Unión Europea y Cooperación)  null","Rodríguez Almeida, Andrés Alberto",GVOX,No vota,11,175,106,57,https://www.congreso.es/es/busqueda-de-iniciativas?p_p_id=iniciativas&p_p_lifecycle=0&p_p_state=normal&p_p_mode=view&_iniciativas_mode=mostrarDetalle&_iniciativas_legislatura=XIV&_iniciativas_id=121/000125
22/11/2022,Presupuestos Generales del Estado,"Sección 12 (Ministerio de Asuntos Exteriores, Unión Europea y Cooperación)  null","Mestre Barea, Manuel",GVOX,No vota,11,175,106,57,https://www.congreso.es/es/busqueda-de-iniciativas?p_p_id=iniciativas&p_p_lifecycle=0&p_p_state=normal&p_p_mode=view&_iniciativas_mode=mostrarDetalle&_iniciativas_legislatura=XIV&_iniciativas_id=121/000125
22/11/2022,Presupuestos Generales del Estado,"Sección 12 (Ministerio de Asuntos Exteriores, Unión Europea y Cooperación)  null","Abascal Conde, Santiago",GVOX,No vota,11,175,106,57,https://www.congreso.es/es/busqueda-de-iniciativas?p_p_id=iniciativas&p_p_lifecycle=0&p_p_state=normal&p_p_mode=view&_iniciativas_mode=mostrarDetalle&_iniciativas_legislatura=XIV&_iniciativas_id=121/000125
22/11/2022,Presupuestos Generales del Estado,"Sección 12 (Ministerio de Asuntos Exteriores, Unión Europea y Cooperación)  null","Castellón Rubio, Miguel Ángel",GP,No vota,11,175,106,57,https://www.congreso.es/es/busqueda-de-iniciativas?p_p_id=iniciativas&p_p_lifecycle=0&p_p_state=normal&p_p_mode=view&_iniciativas_mode=mostrarDetalle&_iniciativas_legislatura=XIV&_iniciativas_id=121/000125
22/11/2022,Presupuestos Generales del Estado,"Sección 12 (Ministerio de Asuntos Exteriores, Unión Europea y Cooperación)  null","Rueda Perelló, Patricia",GVOX,No vota,11,175,106,57,https://www.congreso.es/es/busqueda-de-iniciativas?p_p_id=iniciativas&p_p_lifecycle=0&p_p_state=normal&p_p_mode=view&_iniciativas_mode=mostrarDetalle&_iniciativas_legislatura=XIV&_iniciativas_id=121/000125
22/11/2022,Presupuestos Generales del Estado,"Sección 12 (Ministerio de Asuntos Exteriores, Unión Europea y Cooperación)  null","González Coello de Portugal, Víctor",GVOX,No vota,11,175,106,57,https://www.congreso.es/es/busqueda-de-iniciativas?p_p_id=iniciativas&p_p_lifecycle=0&p_p_state=normal&p_p_mode=view&_iniciativas_mode=mostrarDetalle&_iniciativas_legislatura=XIV&_iniciativas_id=121/000125
22/11/2022,Presupuestos Generales del Estado,"Sección 12 (Ministerio de Asuntos Exteriores, Unión Europea y Cooperación)  null","Espinosa de los Monteros de Simón, Iván",GVOX,No vota,11,175,106,57,https://www.congreso.es/es/busqueda-de-iniciativas?p_p_id=iniciativas&p_p_lifecycle=0&p_p_state=normal&p_p_mode=view&_iniciativas_mode=mostrarDetalle&_iniciativas_legislatura=XIV&_iniciativas_id=121/000125
22/11/2022,Presupuestos Generales del Estado,"Sección 12 (Ministerio de Asuntos Exteriores, Unión Europea y Cooperación)  null","Requejo Novoa, Pedro Jesús",GVOX,No vota,11,175,106,57,https://www.congreso.es/es/busqueda-de-iniciativas?p_p_id=iniciativas&p_p_lifecycle=0&p_p_state=normal&p_p_mode=view&_iniciativas_mode=mostrarDetalle&_iniciativas_legislatura=XIV&_iniciativas_id=121/000125
22/11/2022,Presupuestos Generales del Estado,"Sección 12 (Ministerio de Asuntos Exteriores, Unión Europea y Cooperación)  null","Ramírez del Río, José",GVOX,No vota,11,175,106,57,https://www.congreso.es/es/busqueda-de-iniciativas?p_p_id=iniciativas&p_p_lifecycle=0&p_p_state=normal&p_p_mode=view&_iniciativas_mode=mostrarDetalle&_iniciativas_legislatura=XIV&_iniciativas_id=121/000125
22/11/2022,Presupuestos Generales del Estado,"Sección 12 (Ministerio de Asuntos Exteriores, Unión Europea y Cooperación)  null","Manso Olivar, Rubén Silvano",GVOX,No vota,11,175,106,57,https://www.congreso.es/es/busqueda-de-iniciativas?p_p_id=iniciativas&p_p_lifecycle=0&p_p_state=normal&p_p_mode=view&_iniciativas_mode=mostrarDetalle&_iniciativas_legislatura=XIV&_iniciativas_id=121/000125
22/11/2022,Presupuestos Generales del Estado,"Sección 12 (Ministerio de Asuntos Exteriores, Unión Europea y Cooperación)  null","Chamorro Delmo, Ricardo",GVOX,No vota,11,175,106,57,https://www.congreso.es/es/busqueda-de-iniciativas?p_p_id=iniciativas&p_p_lifecycle=0&p_p_state=normal&p_p_mode=view&_iniciativas_mode=mostrarDetalle&_iniciativas_legislatura=XIV&_iniciativas_id=121/000125
22/11/2022,Presupuestos Generales del Estado,"Sección 12 (Ministerio de Asuntos Exteriores, Unión Europea y Cooperación)  null","Asarta Cuevas, Alberto",GVOX,No vota,11,175,106,57,https://www.congreso.es/es/busqueda-de-iniciativas?p_p_id=iniciativas&p_p_lifecycle=0&p_p_state=normal&p_p_mode=view&_iniciativas_mode=mostrarDetalle&_iniciativas_legislatura=XIV&_iniciativas_id=121/000125
22/11/2022,Presupuestos Generales del Estado,"Sección 12 (Ministerio de Asuntos Exteriores, Unión Europea y Cooperación)  null","Gestoso de Miguel, Luis",GVOX,No vota,11,175,106,57,https://www.congreso.es/es/busqueda-de-iniciativas?p_p_id=iniciativas&p_p_lifecycle=0&p_p_state=normal&p_p_mode=view&_iniciativas_mode=mostrarDetalle&_iniciativas_legislatura=XIV&_iniciativas_id=121/000125
22/11/2022,Presupuestos Generales del Estado,"Sección 12 (Ministerio de Asuntos Exteriores, Unión Europea y Cooperación)  null","Steegmann Olmedillas, Juan Luis",GVOX,No vota,11,175,106,57,https://www.congreso.es/es/busqueda-de-iniciativas?p_p_id=iniciativas&p_p_lifecycle=0&p_p_state=normal&p_p_mode=view&_iniciativas_mode=mostrarDetalle&_iniciativas_legislatura=XIV&_iniciativas_id=121/000125
