date,title,motion_text,deputy,party,vote,afavor,enContra,abstenciones,noVotan,initiative_url
28/2/2019,Dictámenes de Comisiones de Investigación.,Dictamen de la Comisión de Investigación sobre la crisis financiera de España y el programa de asistencia financiera.,"Sahuquillo García, Luis Carlos",GS,No,6,313,21,10,https://www.congreso.es/es/busqueda-de-iniciativas?p_p_id=iniciativas&p_p_lifecycle=0&p_p_state=normal&p_p_mode=view&_iniciativas_mode=mostrarDetalle&_iniciativas_legislatura=XII&_iniciativas_id=152/000002
28/2/2019,Dictámenes de Comisiones de Investigación.,Dictamen de la Comisión de Investigación sobre la crisis financiera de España y el programa de asistencia financiera.,"Mateu Istúriz, Jaime Miguel",GP,No,6,313,21,10,https://www.congreso.es/es/busqueda-de-iniciativas?p_p_id=iniciativas&p_p_lifecycle=0&p_p_state=normal&p_p_mode=view&_iniciativas_mode=mostrarDetalle&_iniciativas_legislatura=XII&_iniciativas_id=152/000002
28/2/2019,Dictámenes de Comisiones de Investigación.,Dictamen de la Comisión de Investigación sobre la crisis financiera de España y el programa de asistencia financiera.,"Pérez Herraiz, Margarita",GS,No,6,313,21,10,https://www.congreso.es/es/busqueda-de-iniciativas?p_p_id=iniciativas&p_p_lifecycle=0&p_p_state=normal&p_p_mode=view&_iniciativas_mode=mostrarDetalle&_iniciativas_legislatura=XII&_iniciativas_id=152/000002
28/2/2019,Dictámenes de Comisiones de Investigación.,Dictamen de la Comisión de Investigación sobre la crisis financiera de España y el programa de asistencia financiera.,"De Barrionuevo Gener, Avelino",GP,No,6,313,21,10,https://www.congreso.es/es/busqueda-de-iniciativas?p_p_id=iniciativas&p_p_lifecycle=0&p_p_state=normal&p_p_mode=view&_iniciativas_mode=mostrarDetalle&_iniciativas_legislatura=XII&_iniciativas_id=152/000002
28/2/2019,Dictámenes de Comisiones de Investigación.,Dictamen de la Comisión de Investigación sobre la crisis financiera de España y el programa de asistencia financiera.,"Aguiar Rodríguez, Ernesto",GP,No,6,313,21,10,https://www.congreso.es/es/busqueda-de-iniciativas?p_p_id=iniciativas&p_p_lifecycle=0&p_p_state=normal&p_p_mode=view&_iniciativas_mode=mostrarDetalle&_iniciativas_legislatura=XII&_iniciativas_id=152/000002
28/2/2019,Dictámenes de Comisiones de Investigación.,Dictamen de la Comisión de Investigación sobre la crisis financiera de España y el programa de asistencia financiera.,"Martín Llaguno, Marta",GCs,No,6,313,21,10,https://www.congreso.es/es/busqueda-de-iniciativas?p_p_id=iniciativas&p_p_lifecycle=0&p_p_state=normal&p_p_mode=view&_iniciativas_mode=mostrarDetalle&_iniciativas_legislatura=XII&_iniciativas_id=152/000002
28/2/2019,Dictámenes de Comisiones de Investigación.,Dictamen de la Comisión de Investigación sobre la crisis financiera de España y el programa de asistencia financiera.,"Igea Arisqueta, Francisco",GCs,No,6,313,21,10,https://www.congreso.es/es/busqueda-de-iniciativas?p_p_id=iniciativas&p_p_lifecycle=0&p_p_state=normal&p_p_mode=view&_iniciativas_mode=mostrarDetalle&_iniciativas_legislatura=XII&_iniciativas_id=152/000002
28/2/2019,Dictámenes de Comisiones de Investigación.,Dictamen de la Comisión de Investigación sobre la crisis financiera de España y el programa de asistencia financiera.,"Pastor Julián, Ana María",GP,No,6,313,21,10,https://www.congreso.es/es/busqueda-de-iniciativas?p_p_id=iniciativas&p_p_lifecycle=0&p_p_state=normal&p_p_mode=view&_iniciativas_mode=mostrarDetalle&_iniciativas_legislatura=XII&_iniciativas_id=152/000002
28/2/2019,Dictámenes de Comisiones de Investigación.,Dictamen de la Comisión de Investigación sobre la crisis financiera de España y el programa de asistencia financiera.,"Moro Almaraz, María Jesús",GP,No,6,313,21,10,https://www.congreso.es/es/busqueda-de-iniciativas?p_p_id=iniciativas&p_p_lifecycle=0&p_p_state=normal&p_p_mode=view&_iniciativas_mode=mostrarDetalle&_iniciativas_legislatura=XII&_iniciativas_id=152/000002
28/2/2019,Dictámenes de Comisiones de Investigación.,Dictamen de la Comisión de Investigación sobre la crisis financiera de España y el programa de asistencia financiera.,"De Arriba Sánchez, Bienvenido",GP,No,6,313,21,10,https://www.congreso.es/es/busqueda-de-iniciativas?p_p_id=iniciativas&p_p_lifecycle=0&p_p_state=normal&p_p_mode=view&_iniciativas_mode=mostrarDetalle&_iniciativas_legislatura=XII&_iniciativas_id=152/000002
28/2/2019,Dictámenes de Comisiones de Investigación.,Dictamen de la Comisión de Investigación sobre la crisis financiera de España y el programa de asistencia financiera.,"Villalobos Talero, Celia",GP,No,6,313,21,10,https://www.congreso.es/es/busqueda-de-iniciativas?p_p_id=iniciativas&p_p_lifecycle=0&p_p_state=normal&p_p_mode=view&_iniciativas_mode=mostrarDetalle&_iniciativas_legislatura=XII&_iniciativas_id=152/000002
28/2/2019,Dictámenes de Comisiones de Investigación.,Dictamen de la Comisión de Investigación sobre la crisis financiera de España y el programa de asistencia financiera.,"España Reina, Carolina",GP,No,6,313,21,10,https://www.congreso.es/es/busqueda-de-iniciativas?p_p_id=iniciativas&p_p_lifecycle=0&p_p_state=normal&p_p_mode=view&_iniciativas_mode=mostrarDetalle&_iniciativas_legislatura=XII&_iniciativas_id=152/000002
28/2/2019,Dictámenes de Comisiones de Investigación.,Dictamen de la Comisión de Investigación sobre la crisis financiera de España y el programa de asistencia financiera.,"Salvador García, Luis Miguel",GCs,No,6,313,21,10,https://www.congreso.es/es/busqueda-de-iniciativas?p_p_id=iniciativas&p_p_lifecycle=0&p_p_state=normal&p_p_mode=view&_iniciativas_mode=mostrarDetalle&_iniciativas_legislatura=XII&_iniciativas_id=152/000002
28/2/2019,Dictámenes de Comisiones de Investigación.,Dictamen de la Comisión de Investigación sobre la crisis financiera de España y el programa de asistencia financiera.,"Camacho Sánchez, José Miguel",GS,No,6,313,21,10,https://www.congreso.es/es/busqueda-de-iniciativas?p_p_id=iniciativas&p_p_lifecycle=0&p_p_state=normal&p_p_mode=view&_iniciativas_mode=mostrarDetalle&_iniciativas_legislatura=XII&_iniciativas_id=152/000002
28/2/2019,Dictámenes de Comisiones de Investigación.,Dictamen de la Comisión de Investigación sobre la crisis financiera de España y el programa de asistencia financiera.,"Suárez Lamata, Eloy",GP,No,6,313,21,10,https://www.congreso.es/es/busqueda-de-iniciativas?p_p_id=iniciativas&p_p_lifecycle=0&p_p_state=normal&p_p_mode=view&_iniciativas_mode=mostrarDetalle&_iniciativas_legislatura=XII&_iniciativas_id=152/000002
28/2/2019,Dictámenes de Comisiones de Investigación.,Dictamen de la Comisión de Investigación sobre la crisis financiera de España y el programa de asistencia financiera.,"Blasco Marqués, Manuel",GP,No,6,313,21,10,https://www.congreso.es/es/busqueda-de-iniciativas?p_p_id=iniciativas&p_p_lifecycle=0&p_p_state=normal&p_p_mode=view&_iniciativas_mode=mostrarDetalle&_iniciativas_legislatura=XII&_iniciativas_id=152/000002
28/2/2019,Dictámenes de Comisiones de Investigación.,Dictamen de la Comisión de Investigación sobre la crisis financiera de España y el programa de asistencia financiera.,"Delgado Arce, Celso Luis",GP,No,6,313,21,10,https://www.congreso.es/es/busqueda-de-iniciativas?p_p_id=iniciativas&p_p_lifecycle=0&p_p_state=normal&p_p_mode=view&_iniciativas_mode=mostrarDetalle&_iniciativas_legislatura=XII&_iniciativas_id=152/000002
28/2/2019,Dictámenes de Comisiones de Investigación.,Dictamen de la Comisión de Investigación sobre la crisis financiera de España y el programa de asistencia financiera.,"García-Tizón López, Arturo",GP,No,6,313,21,10,https://www.congreso.es/es/busqueda-de-iniciativas?p_p_id=iniciativas&p_p_lifecycle=0&p_p_state=normal&p_p_mode=view&_iniciativas_mode=mostrarDetalle&_iniciativas_legislatura=XII&_iniciativas_id=152/000002
28/2/2019,Dictámenes de Comisiones de Investigación.,Dictamen de la Comisión de Investigación sobre la crisis financiera de España y el programa de asistencia financiera.,"Alonso Díaz-Guerra, José Jaime",GP,No,6,313,21,10,https://www.congreso.es/es/busqueda-de-iniciativas?p_p_id=iniciativas&p_p_lifecycle=0&p_p_state=normal&p_p_mode=view&_iniciativas_mode=mostrarDetalle&_iniciativas_legislatura=XII&_iniciativas_id=152/000002
28/2/2019,Dictámenes de Comisiones de Investigación.,Dictamen de la Comisión de Investigación sobre la crisis financiera de España y el programa de asistencia financiera.,"Vázquez Blanco, Ana Belén",GP,No,6,313,21,10,https://www.congreso.es/es/busqueda-de-iniciativas?p_p_id=iniciativas&p_p_lifecycle=0&p_p_state=normal&p_p_mode=view&_iniciativas_mode=mostrarDetalle&_iniciativas_legislatura=XII&_iniciativas_id=152/000002
28/2/2019,Dictámenes de Comisiones de Investigación.,Dictamen de la Comisión de Investigación sobre la crisis financiera de España y el programa de asistencia financiera.,"Cortés Bureta, Pilar",GP,No,6,313,21,10,https://www.congreso.es/es/busqueda-de-iniciativas?p_p_id=iniciativas&p_p_lifecycle=0&p_p_state=normal&p_p_mode=view&_iniciativas_mode=mostrarDetalle&_iniciativas_legislatura=XII&_iniciativas_id=152/000002
28/2/2019,Dictámenes de Comisiones de Investigación.,Dictamen de la Comisión de Investigación sobre la crisis financiera de España y el programa de asistencia financiera.,"Navarro Fernández-Rodríguez, Fernando",GCs,No,6,313,21,10,https://www.congreso.es/es/busqueda-de-iniciativas?p_p_id=iniciativas&p_p_lifecycle=0&p_p_state=normal&p_p_mode=view&_iniciativas_mode=mostrarDetalle&_iniciativas_legislatura=XII&_iniciativas_id=152/000002
28/2/2019,Dictámenes de Comisiones de Investigación.,Dictamen de la Comisión de Investigación sobre la crisis financiera de España y el programa de asistencia financiera.,"Valmaña Ochaíta, Silvia",GP,No,6,313,21,10,https://www.congreso.es/es/busqueda-de-iniciativas?p_p_id=iniciativas&p_p_lifecycle=0&p_p_state=normal&p_p_mode=view&_iniciativas_mode=mostrarDetalle&_iniciativas_legislatura=XII&_iniciativas_id=152/000002
28/2/2019,Dictámenes de Comisiones de Investigación.,Dictamen de la Comisión de Investigación sobre la crisis financiera de España y el programa de asistencia financiera.,"Salvador Armendáriz, Carlos Casimiro",GMx,No,6,313,21,10,https://www.congreso.es/es/busqueda-de-iniciativas?p_p_id=iniciativas&p_p_lifecycle=0&p_p_state=normal&p_p_mode=view&_iniciativas_mode=mostrarDetalle&_iniciativas_legislatura=XII&_iniciativas_id=152/000002
28/2/2019,Dictámenes de Comisiones de Investigación.,Dictamen de la Comisión de Investigación sobre la crisis financiera de España y el programa de asistencia financiera.,"Blanquer Alcaraz, Patricia",GS,No,6,313,21,10,https://www.congreso.es/es/busqueda-de-iniciativas?p_p_id=iniciativas&p_p_lifecycle=0&p_p_state=normal&p_p_mode=view&_iniciativas_mode=mostrarDetalle&_iniciativas_legislatura=XII&_iniciativas_id=152/000002
28/2/2019,Dictámenes de Comisiones de Investigación.,Dictamen de la Comisión de Investigación sobre la crisis financiera de España y el programa de asistencia financiera.,"Martín González, María Guadalupe",GS,No,6,313,21,10,https://www.congreso.es/es/busqueda-de-iniciativas?p_p_id=iniciativas&p_p_lifecycle=0&p_p_state=normal&p_p_mode=view&_iniciativas_mode=mostrarDetalle&_iniciativas_legislatura=XII&_iniciativas_id=152/000002
28/2/2019,Dictámenes de Comisiones de Investigación.,Dictamen de la Comisión de Investigación sobre la crisis financiera de España y el programa de asistencia financiera.,"Campo Moreno, Juan Carlos",GS,No,6,313,21,10,https://www.congreso.es/es/busqueda-de-iniciativas?p_p_id=iniciativas&p_p_lifecycle=0&p_p_state=normal&p_p_mode=view&_iniciativas_mode=mostrarDetalle&_iniciativas_legislatura=XII&_iniciativas_id=152/000002
28/2/2019,Dictámenes de Comisiones de Investigación.,Dictamen de la Comisión de Investigación sobre la crisis financiera de España y el programa de asistencia financiera.,"Martínez-Maíllo Toribio, Fernando",GP,No,6,313,21,10,https://www.congreso.es/es/busqueda-de-iniciativas?p_p_id=iniciativas&p_p_lifecycle=0&p_p_state=normal&p_p_mode=view&_iniciativas_mode=mostrarDetalle&_iniciativas_legislatura=XII&_iniciativas_id=152/000002
28/2/2019,Dictámenes de Comisiones de Investigación.,Dictamen de la Comisión de Investigación sobre la crisis financiera de España y el programa de asistencia financiera.,"Barrios Tejero, José María",GP,No,6,313,21,10,https://www.congreso.es/es/busqueda-de-iniciativas?p_p_id=iniciativas&p_p_lifecycle=0&p_p_state=normal&p_p_mode=view&_iniciativas_mode=mostrarDetalle&_iniciativas_legislatura=XII&_iniciativas_id=152/000002
28/2/2019,Dictámenes de Comisiones de Investigación.,Dictamen de la Comisión de Investigación sobre la crisis financiera de España y el programa de asistencia financiera.,"Reyes Rivera, Patricia",GCs,No,6,313,21,10,https://www.congreso.es/es/busqueda-de-iniciativas?p_p_id=iniciativas&p_p_lifecycle=0&p_p_state=normal&p_p_mode=view&_iniciativas_mode=mostrarDetalle&_iniciativas_legislatura=XII&_iniciativas_id=152/000002
28/2/2019,Dictámenes de Comisiones de Investigación.,Dictamen de la Comisión de Investigación sobre la crisis financiera de España y el programa de asistencia financiera.,"Lasarte Iribarren, José Javier",GS,No,6,313,21,10,https://www.congreso.es/es/busqueda-de-iniciativas?p_p_id=iniciativas&p_p_lifecycle=0&p_p_state=normal&p_p_mode=view&_iniciativas_mode=mostrarDetalle&_iniciativas_legislatura=XII&_iniciativas_id=152/000002
28/2/2019,Dictámenes de Comisiones de Investigación.,Dictamen de la Comisión de Investigación sobre la crisis financiera de España y el programa de asistencia financiera.,"Lara Carbó, María Teresa de",GP,No,6,313,21,10,https://www.congreso.es/es/busqueda-de-iniciativas?p_p_id=iniciativas&p_p_lifecycle=0&p_p_state=normal&p_p_mode=view&_iniciativas_mode=mostrarDetalle&_iniciativas_legislatura=XII&_iniciativas_id=152/000002
28/2/2019,Dictámenes de Comisiones de Investigación.,Dictamen de la Comisión de Investigación sobre la crisis financiera de España y el programa de asistencia financiera.,"Del Olmo Ibáñez, Juan Manuel",GCUP-EC-EM,No,6,313,21,10,https://www.congreso.es/es/busqueda-de-iniciativas?p_p_id=iniciativas&p_p_lifecycle=0&p_p_state=normal&p_p_mode=view&_iniciativas_mode=mostrarDetalle&_iniciativas_legislatura=XII&_iniciativas_id=152/000002
28/2/2019,Dictámenes de Comisiones de Investigación.,Dictamen de la Comisión de Investigación sobre la crisis financiera de España y el programa de asistencia financiera.,"Montero Soler, Alberto",GCUP-EC-EM,No,6,313,21,10,https://www.congreso.es/es/busqueda-de-iniciativas?p_p_id=iniciativas&p_p_lifecycle=0&p_p_state=normal&p_p_mode=view&_iniciativas_mode=mostrarDetalle&_iniciativas_legislatura=XII&_iniciativas_id=152/000002
28/2/2019,Dictámenes de Comisiones de Investigación.,Dictamen de la Comisión de Investigación sobre la crisis financiera de España y el programa de asistencia financiera.,"Moreno Palanques, Rubén",GP,No,6,313,21,10,https://www.congreso.es/es/busqueda-de-iniciativas?p_p_id=iniciativas&p_p_lifecycle=0&p_p_state=normal&p_p_mode=view&_iniciativas_mode=mostrarDetalle&_iniciativas_legislatura=XII&_iniciativas_id=152/000002
28/2/2019,Dictámenes de Comisiones de Investigación.,Dictamen de la Comisión de Investigación sobre la crisis financiera de España y el programa de asistencia financiera.,"Quintanilla Barba, María del Carmen",GP,No,6,313,21,10,https://www.congreso.es/es/busqueda-de-iniciativas?p_p_id=iniciativas&p_p_lifecycle=0&p_p_state=normal&p_p_mode=view&_iniciativas_mode=mostrarDetalle&_iniciativas_legislatura=XII&_iniciativas_id=152/000002
28/2/2019,Dictámenes de Comisiones de Investigación.,Dictamen de la Comisión de Investigación sobre la crisis financiera de España y el programa de asistencia financiera.,"Matarí Sáez, Juan José",GP,No,6,313,21,10,https://www.congreso.es/es/busqueda-de-iniciativas?p_p_id=iniciativas&p_p_lifecycle=0&p_p_state=normal&p_p_mode=view&_iniciativas_mode=mostrarDetalle&_iniciativas_legislatura=XII&_iniciativas_id=152/000002
28/2/2019,Dictámenes de Comisiones de Investigación.,Dictamen de la Comisión de Investigación sobre la crisis financiera de España y el programa de asistencia financiera.,"Marcos Moyano, María Dolores",GP,No,6,313,21,10,https://www.congreso.es/es/busqueda-de-iniciativas?p_p_id=iniciativas&p_p_lifecycle=0&p_p_state=normal&p_p_mode=view&_iniciativas_mode=mostrarDetalle&_iniciativas_legislatura=XII&_iniciativas_id=152/000002
28/2/2019,Dictámenes de Comisiones de Investigación.,Dictamen de la Comisión de Investigación sobre la crisis financiera de España y el programa de asistencia financiera.,"Barreda de los Ríos, Leopoldo",GP,No,6,313,21,10,https://www.congreso.es/es/busqueda-de-iniciativas?p_p_id=iniciativas&p_p_lifecycle=0&p_p_state=normal&p_p_mode=view&_iniciativas_mode=mostrarDetalle&_iniciativas_legislatura=XII&_iniciativas_id=152/000002
28/2/2019,Dictámenes de Comisiones de Investigación.,Dictamen de la Comisión de Investigación sobre la crisis financiera de España y el programa de asistencia financiera.,"Tremiño Gómez, Ignacio",GP,No,6,313,21,10,https://www.congreso.es/es/busqueda-de-iniciativas?p_p_id=iniciativas&p_p_lifecycle=0&p_p_state=normal&p_p_mode=view&_iniciativas_mode=mostrarDetalle&_iniciativas_legislatura=XII&_iniciativas_id=152/000002
28/2/2019,Dictámenes de Comisiones de Investigación.,Dictamen de la Comisión de Investigación sobre la crisis financiera de España y el programa de asistencia financiera.,"Tundidor Moreno, Victoria Begoña",GS,No,6,313,21,10,https://www.congreso.es/es/busqueda-de-iniciativas?p_p_id=iniciativas&p_p_lifecycle=0&p_p_state=normal&p_p_mode=view&_iniciativas_mode=mostrarDetalle&_iniciativas_legislatura=XII&_iniciativas_id=152/000002
28/2/2019,Dictámenes de Comisiones de Investigación.,Dictamen de la Comisión de Investigación sobre la crisis financiera de España y el programa de asistencia financiera.,"Heredia Díaz, Miguel Ángel",GS,No,6,313,21,10,https://www.congreso.es/es/busqueda-de-iniciativas?p_p_id=iniciativas&p_p_lifecycle=0&p_p_state=normal&p_p_mode=view&_iniciativas_mode=mostrarDetalle&_iniciativas_legislatura=XII&_iniciativas_id=152/000002
28/2/2019,Dictámenes de Comisiones de Investigación.,Dictamen de la Comisión de Investigación sobre la crisis financiera de España y el programa de asistencia financiera.,"Zurita Expósito, Ana María",GP,No,6,313,21,10,https://www.congreso.es/es/busqueda-de-iniciativas?p_p_id=iniciativas&p_p_lifecycle=0&p_p_state=normal&p_p_mode=view&_iniciativas_mode=mostrarDetalle&_iniciativas_legislatura=XII&_iniciativas_id=152/000002
28/2/2019,Dictámenes de Comisiones de Investigación.,Dictamen de la Comisión de Investigación sobre la crisis financiera de España y el programa de asistencia financiera.,"Hernández Bento, María del Carmen",GP,No,6,313,21,10,https://www.congreso.es/es/busqueda-de-iniciativas?p_p_id=iniciativas&p_p_lifecycle=0&p_p_state=normal&p_p_mode=view&_iniciativas_mode=mostrarDetalle&_iniciativas_legislatura=XII&_iniciativas_id=152/000002
28/2/2019,Dictámenes de Comisiones de Investigación.,Dictamen de la Comisión de Investigación sobre la crisis financiera de España y el programa de asistencia financiera.,"Vera Ruíz-Herrera, Noelia",GCUP-EC-EM,No,6,313,21,10,https://www.congreso.es/es/busqueda-de-iniciativas?p_p_id=iniciativas&p_p_lifecycle=0&p_p_state=normal&p_p_mode=view&_iniciativas_mode=mostrarDetalle&_iniciativas_legislatura=XII&_iniciativas_id=152/000002
28/2/2019,Dictámenes de Comisiones de Investigación.,Dictamen de la Comisión de Investigación sobre la crisis financiera de España y el programa de asistencia financiera.,"Arrojo Agudo, Pedro",GCUP-EC-EM,No,6,313,21,10,https://www.congreso.es/es/busqueda-de-iniciativas?p_p_id=iniciativas&p_p_lifecycle=0&p_p_state=normal&p_p_mode=view&_iniciativas_mode=mostrarDetalle&_iniciativas_legislatura=XII&_iniciativas_id=152/000002
28/2/2019,Dictámenes de Comisiones de Investigación.,Dictamen de la Comisión de Investigación sobre la crisis financiera de España y el programa de asistencia financiera.,"Romero Sánchez, Rosa María",GP,No,6,313,21,10,https://www.congreso.es/es/busqueda-de-iniciativas?p_p_id=iniciativas&p_p_lifecycle=0&p_p_state=normal&p_p_mode=view&_iniciativas_mode=mostrarDetalle&_iniciativas_legislatura=XII&_iniciativas_id=152/000002
28/2/2019,Dictámenes de Comisiones de Investigación.,Dictamen de la Comisión de Investigación sobre la crisis financiera de España y el programa de asistencia financiera.,"De la Torre Díaz, Francisco",GCs,No,6,313,21,10,https://www.congreso.es/es/busqueda-de-iniciativas?p_p_id=iniciativas&p_p_lifecycle=0&p_p_state=normal&p_p_mode=view&_iniciativas_mode=mostrarDetalle&_iniciativas_legislatura=XII&_iniciativas_id=152/000002
28/2/2019,Dictámenes de Comisiones de Investigación.,Dictamen de la Comisión de Investigación sobre la crisis financiera de España y el programa de asistencia financiera.,"Luis Bail, Jorge",GCUP-EC-EM,No,6,313,21,10,https://www.congreso.es/es/busqueda-de-iniciativas?p_p_id=iniciativas&p_p_lifecycle=0&p_p_state=normal&p_p_mode=view&_iniciativas_mode=mostrarDetalle&_iniciativas_legislatura=XII&_iniciativas_id=152/000002
28/2/2019,Dictámenes de Comisiones de Investigación.,Dictamen de la Comisión de Investigación sobre la crisis financiera de España y el programa de asistencia financiera.,"Galeano Gracia, Óscar",GS,No,6,313,21,10,https://www.congreso.es/es/busqueda-de-iniciativas?p_p_id=iniciativas&p_p_lifecycle=0&p_p_state=normal&p_p_mode=view&_iniciativas_mode=mostrarDetalle&_iniciativas_legislatura=XII&_iniciativas_id=152/000002
28/2/2019,Dictámenes de Comisiones de Investigación.,Dictamen de la Comisión de Investigación sobre la crisis financiera de España y el programa de asistencia financiera.,"Pérez Aras, Juan Vicente",GP,No,6,313,21,10,https://www.congreso.es/es/busqueda-de-iniciativas?p_p_id=iniciativas&p_p_lifecycle=0&p_p_state=normal&p_p_mode=view&_iniciativas_mode=mostrarDetalle&_iniciativas_legislatura=XII&_iniciativas_id=152/000002
28/2/2019,Dictámenes de Comisiones de Investigación.,Dictamen de la Comisión de Investigación sobre la crisis financiera de España y el programa de asistencia financiera.,"Cano Fuster, José",GCs,No,6,313,21,10,https://www.congreso.es/es/busqueda-de-iniciativas?p_p_id=iniciativas&p_p_lifecycle=0&p_p_state=normal&p_p_mode=view&_iniciativas_mode=mostrarDetalle&_iniciativas_legislatura=XII&_iniciativas_id=152/000002
28/2/2019,Dictámenes de Comisiones de Investigación.,Dictamen de la Comisión de Investigación sobre la crisis financiera de España y el programa de asistencia financiera.,"Bastidas Bono, Elena María",GP,No,6,313,21,10,https://www.congreso.es/es/busqueda-de-iniciativas?p_p_id=iniciativas&p_p_lifecycle=0&p_p_state=normal&p_p_mode=view&_iniciativas_mode=mostrarDetalle&_iniciativas_legislatura=XII&_iniciativas_id=152/000002
28/2/2019,Dictámenes de Comisiones de Investigación.,Dictamen de la Comisión de Investigación sobre la crisis financiera de España y el programa de asistencia financiera.,"García Egea, Teodoro",GP,No,6,313,21,10,https://www.congreso.es/es/busqueda-de-iniciativas?p_p_id=iniciativas&p_p_lifecycle=0&p_p_state=normal&p_p_mode=view&_iniciativas_mode=mostrarDetalle&_iniciativas_legislatura=XII&_iniciativas_id=152/000002
28/2/2019,Dictámenes de Comisiones de Investigación.,Dictamen de la Comisión de Investigación sobre la crisis financiera de España y el programa de asistencia financiera.,"Barreda Fontes, José María",GS,No,6,313,21,10,https://www.congreso.es/es/busqueda-de-iniciativas?p_p_id=iniciativas&p_p_lifecycle=0&p_p_state=normal&p_p_mode=view&_iniciativas_mode=mostrarDetalle&_iniciativas_legislatura=XII&_iniciativas_id=152/000002
28/2/2019,Dictámenes de Comisiones de Investigación.,Dictamen de la Comisión de Investigación sobre la crisis financiera de España y el programa de asistencia financiera.,"Floriano Corrales, Carlos Javier",GP,No,6,313,21,10,https://www.congreso.es/es/busqueda-de-iniciativas?p_p_id=iniciativas&p_p_lifecycle=0&p_p_state=normal&p_p_mode=view&_iniciativas_mode=mostrarDetalle&_iniciativas_legislatura=XII&_iniciativas_id=152/000002
28/2/2019,Dictámenes de Comisiones de Investigación.,Dictamen de la Comisión de Investigación sobre la crisis financiera de España y el programa de asistencia financiera.,"Ramos Esteban, César Joaquín",GS,No,6,313,21,10,https://www.congreso.es/es/busqueda-de-iniciativas?p_p_id=iniciativas&p_p_lifecycle=0&p_p_state=normal&p_p_mode=view&_iniciativas_mode=mostrarDetalle&_iniciativas_legislatura=XII&_iniciativas_id=152/000002
28/2/2019,Dictámenes de Comisiones de Investigación.,Dictamen de la Comisión de Investigación sobre la crisis financiera de España y el programa de asistencia financiera.,"Escudero Berzal, Beatriz Marta",GP,No,6,313,21,10,https://www.congreso.es/es/busqueda-de-iniciativas?p_p_id=iniciativas&p_p_lifecycle=0&p_p_state=normal&p_p_mode=view&_iniciativas_mode=mostrarDetalle&_iniciativas_legislatura=XII&_iniciativas_id=152/000002
28/2/2019,Dictámenes de Comisiones de Investigación.,Dictamen de la Comisión de Investigación sobre la crisis financiera de España y el programa de asistencia financiera.,"Postigo Quintana, Jesús",GP,No,6,313,21,10,https://www.congreso.es/es/busqueda-de-iniciativas?p_p_id=iniciativas&p_p_lifecycle=0&p_p_state=normal&p_p_mode=view&_iniciativas_mode=mostrarDetalle&_iniciativas_legislatura=XII&_iniciativas_id=152/000002
28/2/2019,Dictámenes de Comisiones de Investigación.,Dictamen de la Comisión de Investigación sobre la crisis financiera de España y el programa de asistencia financiera.,"Cotelo Balmaseda, Mar",GP,No,6,313,21,10,https://www.congreso.es/es/busqueda-de-iniciativas?p_p_id=iniciativas&p_p_lifecycle=0&p_p_state=normal&p_p_mode=view&_iniciativas_mode=mostrarDetalle&_iniciativas_legislatura=XII&_iniciativas_id=152/000002
28/2/2019,Dictámenes de Comisiones de Investigación.,Dictamen de la Comisión de Investigación sobre la crisis financiera de España y el programa de asistencia financiera.,"Del Río Sanz, Emilio",GP,No,6,313,21,10,https://www.congreso.es/es/busqueda-de-iniciativas?p_p_id=iniciativas&p_p_lifecycle=0&p_p_state=normal&p_p_mode=view&_iniciativas_mode=mostrarDetalle&_iniciativas_legislatura=XII&_iniciativas_id=152/000002
28/2/2019,Dictámenes de Comisiones de Investigación.,Dictamen de la Comisión de Investigación sobre la crisis financiera de España y el programa de asistencia financiera.,"Urquizu Sancho, Ignacio",GS,No,6,313,21,10,https://www.congreso.es/es/busqueda-de-iniciativas?p_p_id=iniciativas&p_p_lifecycle=0&p_p_state=normal&p_p_mode=view&_iniciativas_mode=mostrarDetalle&_iniciativas_legislatura=XII&_iniciativas_id=152/000002
28/2/2019,Dictámenes de Comisiones de Investigación.,Dictamen de la Comisión de Investigación sobre la crisis financiera de España y el programa de asistencia financiera.,"Romero Rodríguez, María Eugenia",GP,No,6,313,21,10,https://www.congreso.es/es/busqueda-de-iniciativas?p_p_id=iniciativas&p_p_lifecycle=0&p_p_state=normal&p_p_mode=view&_iniciativas_mode=mostrarDetalle&_iniciativas_legislatura=XII&_iniciativas_id=152/000002
28/2/2019,Dictámenes de Comisiones de Investigación.,Dictamen de la Comisión de Investigación sobre la crisis financiera de España y el programa de asistencia financiera.,"Pérez López, Santiago",GP,No,6,313,21,10,https://www.congreso.es/es/busqueda-de-iniciativas?p_p_id=iniciativas&p_p_lifecycle=0&p_p_state=normal&p_p_mode=view&_iniciativas_mode=mostrarDetalle&_iniciativas_legislatura=XII&_iniciativas_id=152/000002
28/2/2019,Dictámenes de Comisiones de Investigación.,Dictamen de la Comisión de Investigación sobre la crisis financiera de España y el programa de asistencia financiera.,"Cantera de Castro, Zaida",GS,No,6,313,21,10,https://www.congreso.es/es/busqueda-de-iniciativas?p_p_id=iniciativas&p_p_lifecycle=0&p_p_state=normal&p_p_mode=view&_iniciativas_mode=mostrarDetalle&_iniciativas_legislatura=XII&_iniciativas_id=152/000002
28/2/2019,Dictámenes de Comisiones de Investigación.,Dictamen de la Comisión de Investigación sobre la crisis financiera de España y el programa de asistencia financiera.,"Luis Rodríguez, Teófilo de",GP,No,6,313,21,10,https://www.congreso.es/es/busqueda-de-iniciativas?p_p_id=iniciativas&p_p_lifecycle=0&p_p_state=normal&p_p_mode=view&_iniciativas_mode=mostrarDetalle&_iniciativas_legislatura=XII&_iniciativas_id=152/000002
28/2/2019,Dictámenes de Comisiones de Investigación.,Dictamen de la Comisión de Investigación sobre la crisis financiera de España y el programa de asistencia financiera.,"Montserrat Montserrat, Dolors",GP,No,6,313,21,10,https://www.congreso.es/es/busqueda-de-iniciativas?p_p_id=iniciativas&p_p_lifecycle=0&p_p_state=normal&p_p_mode=view&_iniciativas_mode=mostrarDetalle&_iniciativas_legislatura=XII&_iniciativas_id=152/000002
28/2/2019,Dictámenes de Comisiones de Investigación.,Dictamen de la Comisión de Investigación sobre la crisis financiera de España y el programa de asistencia financiera.,"Alba Mullor, María Dolores",GP,No,6,313,21,10,https://www.congreso.es/es/busqueda-de-iniciativas?p_p_id=iniciativas&p_p_lifecycle=0&p_p_state=normal&p_p_mode=view&_iniciativas_mode=mostrarDetalle&_iniciativas_legislatura=XII&_iniciativas_id=152/000002
28/2/2019,Dictámenes de Comisiones de Investigación.,Dictamen de la Comisión de Investigación sobre la crisis financiera de España y el programa de asistencia financiera.,"Hernando Fraile, Rafael Antonio",GP,No,6,313,21,10,https://www.congreso.es/es/busqueda-de-iniciativas?p_p_id=iniciativas&p_p_lifecycle=0&p_p_state=normal&p_p_mode=view&_iniciativas_mode=mostrarDetalle&_iniciativas_legislatura=XII&_iniciativas_id=152/000002
28/2/2019,Dictámenes de Comisiones de Investigación.,Dictamen de la Comisión de Investigación sobre la crisis financiera de España y el programa de asistencia financiera.,"González Vázquez, Marta",GP,No,6,313,21,10,https://www.congreso.es/es/busqueda-de-iniciativas?p_p_id=iniciativas&p_p_lifecycle=0&p_p_state=normal&p_p_mode=view&_iniciativas_mode=mostrarDetalle&_iniciativas_legislatura=XII&_iniciativas_id=152/000002
28/2/2019,Dictámenes de Comisiones de Investigación.,Dictamen de la Comisión de Investigación sobre la crisis financiera de España y el programa de asistencia financiera.,"Fernández García, Eduardo",GP,No,6,313,21,10,https://www.congreso.es/es/busqueda-de-iniciativas?p_p_id=iniciativas&p_p_lifecycle=0&p_p_state=normal&p_p_mode=view&_iniciativas_mode=mostrarDetalle&_iniciativas_legislatura=XII&_iniciativas_id=152/000002
28/2/2019,Dictámenes de Comisiones de Investigación.,Dictamen de la Comisión de Investigación sobre la crisis financiera de España y el programa de asistencia financiera.,"Simancas Simancas, Rafael",GS,No,6,313,21,10,https://www.congreso.es/es/busqueda-de-iniciativas?p_p_id=iniciativas&p_p_lifecycle=0&p_p_state=normal&p_p_mode=view&_iniciativas_mode=mostrarDetalle&_iniciativas_legislatura=XII&_iniciativas_id=152/000002
28/2/2019,Dictámenes de Comisiones de Investigación.,Dictamen de la Comisión de Investigación sobre la crisis financiera de España y el programa de asistencia financiera.,"García Hernández, José Ramón",GP,No,6,313,21,10,https://www.congreso.es/es/busqueda-de-iniciativas?p_p_id=iniciativas&p_p_lifecycle=0&p_p_state=normal&p_p_mode=view&_iniciativas_mode=mostrarDetalle&_iniciativas_legislatura=XII&_iniciativas_id=152/000002
28/2/2019,Dictámenes de Comisiones de Investigación.,Dictamen de la Comisión de Investigación sobre la crisis financiera de España y el programa de asistencia financiera.,"Santa Ana Fernández, María de la Concepción de",GP,No,6,313,21,10,https://www.congreso.es/es/busqueda-de-iniciativas?p_p_id=iniciativas&p_p_lifecycle=0&p_p_state=normal&p_p_mode=view&_iniciativas_mode=mostrarDetalle&_iniciativas_legislatura=XII&_iniciativas_id=152/000002
28/2/2019,Dictámenes de Comisiones de Investigación.,Dictamen de la Comisión de Investigación sobre la crisis financiera de España y el programa de asistencia financiera.,"Borrego Cortés, Isabel María",GP,No,6,313,21,10,https://www.congreso.es/es/busqueda-de-iniciativas?p_p_id=iniciativas&p_p_lifecycle=0&p_p_state=normal&p_p_mode=view&_iniciativas_mode=mostrarDetalle&_iniciativas_legislatura=XII&_iniciativas_id=152/000002
28/2/2019,Dictámenes de Comisiones de Investigación.,Dictamen de la Comisión de Investigación sobre la crisis financiera de España y el programa de asistencia financiera.,"Sánchez-Camacho Pérez, Alicia",GP,No,6,313,21,10,https://www.congreso.es/es/busqueda-de-iniciativas?p_p_id=iniciativas&p_p_lifecycle=0&p_p_state=normal&p_p_mode=view&_iniciativas_mode=mostrarDetalle&_iniciativas_legislatura=XII&_iniciativas_id=152/000002
28/2/2019,Dictámenes de Comisiones de Investigación.,Dictamen de la Comisión de Investigación sobre la crisis financiera de España y el programa de asistencia financiera.,"Yllanes Suárez, Juan Pedro",GCUP-EC-EM,No,6,313,21,10,https://www.congreso.es/es/busqueda-de-iniciativas?p_p_id=iniciativas&p_p_lifecycle=0&p_p_state=normal&p_p_mode=view&_iniciativas_mode=mostrarDetalle&_iniciativas_legislatura=XII&_iniciativas_id=152/000002
28/2/2019,Dictámenes de Comisiones de Investigación.,Dictamen de la Comisión de Investigación sobre la crisis financiera de España y el programa de asistencia financiera.,"Rivera Díaz, Albert",GCs,No,6,313,21,10,https://www.congreso.es/es/busqueda-de-iniciativas?p_p_id=iniciativas&p_p_lifecycle=0&p_p_state=normal&p_p_mode=view&_iniciativas_mode=mostrarDetalle&_iniciativas_legislatura=XII&_iniciativas_id=152/000002
28/2/2019,Dictámenes de Comisiones de Investigación.,Dictamen de la Comisión de Investigación sobre la crisis financiera de España y el programa de asistencia financiera.,"Gutiérrez Vivas, Miguel Ángel",GCs,No,6,313,21,10,https://www.congreso.es/es/busqueda-de-iniciativas?p_p_id=iniciativas&p_p_lifecycle=0&p_p_state=normal&p_p_mode=view&_iniciativas_mode=mostrarDetalle&_iniciativas_legislatura=XII&_iniciativas_id=152/000002
28/2/2019,Dictámenes de Comisiones de Investigación.,Dictamen de la Comisión de Investigación sobre la crisis financiera de España y el programa de asistencia financiera.,"Roldán Monés, Antonio",GCs,No,6,313,21,10,https://www.congreso.es/es/busqueda-de-iniciativas?p_p_id=iniciativas&p_p_lifecycle=0&p_p_state=normal&p_p_mode=view&_iniciativas_mode=mostrarDetalle&_iniciativas_legislatura=XII&_iniciativas_id=152/000002
28/2/2019,Dictámenes de Comisiones de Investigación.,Dictamen de la Comisión de Investigación sobre la crisis financiera de España y el programa de asistencia financiera.,"Rivera de la Cruz, Marta María",GCs,No,6,313,21,10,https://www.congreso.es/es/busqueda-de-iniciativas?p_p_id=iniciativas&p_p_lifecycle=0&p_p_state=normal&p_p_mode=view&_iniciativas_mode=mostrarDetalle&_iniciativas_legislatura=XII&_iniciativas_id=152/000002
28/2/2019,Dictámenes de Comisiones de Investigación.,Dictamen de la Comisión de Investigación sobre la crisis financiera de España y el programa de asistencia financiera.,"García Mira, Ricardo Antonio",GS,No,6,313,21,10,https://www.congreso.es/es/busqueda-de-iniciativas?p_p_id=iniciativas&p_p_lifecycle=0&p_p_state=normal&p_p_mode=view&_iniciativas_mode=mostrarDetalle&_iniciativas_legislatura=XII&_iniciativas_id=152/000002
28/2/2019,Dictámenes de Comisiones de Investigación.,Dictamen de la Comisión de Investigación sobre la crisis financiera de España y el programa de asistencia financiera.,"Villegas Pérez, José Manuel",GCs,No,6,313,21,10,https://www.congreso.es/es/busqueda-de-iniciativas?p_p_id=iniciativas&p_p_lifecycle=0&p_p_state=normal&p_p_mode=view&_iniciativas_mode=mostrarDetalle&_iniciativas_legislatura=XII&_iniciativas_id=152/000002
28/2/2019,Dictámenes de Comisiones de Investigación.,Dictamen de la Comisión de Investigación sobre la crisis financiera de España y el programa de asistencia financiera.,"Expósito Prieto, Marcelo",GCUP-EC-EM,No,6,313,21,10,https://www.congreso.es/es/busqueda-de-iniciativas?p_p_id=iniciativas&p_p_lifecycle=0&p_p_state=normal&p_p_mode=view&_iniciativas_mode=mostrarDetalle&_iniciativas_legislatura=XII&_iniciativas_id=152/000002
28/2/2019,Dictámenes de Comisiones de Investigación.,Dictamen de la Comisión de Investigación sobre la crisis financiera de España y el programa de asistencia financiera.,"Álvarez Álvarez, Ángeles",GS,No,6,313,21,10,https://www.congreso.es/es/busqueda-de-iniciativas?p_p_id=iniciativas&p_p_lifecycle=0&p_p_state=normal&p_p_mode=view&_iniciativas_mode=mostrarDetalle&_iniciativas_legislatura=XII&_iniciativas_id=152/000002
28/2/2019,Dictámenes de Comisiones de Investigación.,Dictamen de la Comisión de Investigación sobre la crisis financiera de España y el programa de asistencia financiera.,"Viso Diéguez, Miguel Ángel",GP,No,6,313,21,10,https://www.congreso.es/es/busqueda-de-iniciativas?p_p_id=iniciativas&p_p_lifecycle=0&p_p_state=normal&p_p_mode=view&_iniciativas_mode=mostrarDetalle&_iniciativas_legislatura=XII&_iniciativas_id=152/000002
28/2/2019,Dictámenes de Comisiones de Investigación.,Dictamen de la Comisión de Investigación sobre la crisis financiera de España y el programa de asistencia financiera.,"Martín-Toledano Suárez, José Alberto",GP,No,6,313,21,10,https://www.congreso.es/es/busqueda-de-iniciativas?p_p_id=iniciativas&p_p_lifecycle=0&p_p_state=normal&p_p_mode=view&_iniciativas_mode=mostrarDetalle&_iniciativas_legislatura=XII&_iniciativas_id=152/000002
28/2/2019,Dictámenes de Comisiones de Investigación.,Dictamen de la Comisión de Investigación sobre la crisis financiera de España y el programa de asistencia financiera.,"Roca Mas, Jordi",GP,No,6,313,21,10,https://www.congreso.es/es/busqueda-de-iniciativas?p_p_id=iniciativas&p_p_lifecycle=0&p_p_state=normal&p_p_mode=view&_iniciativas_mode=mostrarDetalle&_iniciativas_legislatura=XII&_iniciativas_id=152/000002
28/2/2019,Dictámenes de Comisiones de Investigación.,Dictamen de la Comisión de Investigación sobre la crisis financiera de España y el programa de asistencia financiera.,"Sicilia Alférez, Felipe Jesús",GS,No,6,313,21,10,https://www.congreso.es/es/busqueda-de-iniciativas?p_p_id=iniciativas&p_p_lifecycle=0&p_p_state=normal&p_p_mode=view&_iniciativas_mode=mostrarDetalle&_iniciativas_legislatura=XII&_iniciativas_id=152/000002
28/2/2019,Dictámenes de Comisiones de Investigación.,Dictamen de la Comisión de Investigación sobre la crisis financiera de España y el programa de asistencia financiera.,"Bonilla Domínguez, María Jesús",GP,No,6,313,21,10,https://www.congreso.es/es/busqueda-de-iniciativas?p_p_id=iniciativas&p_p_lifecycle=0&p_p_state=normal&p_p_mode=view&_iniciativas_mode=mostrarDetalle&_iniciativas_legislatura=XII&_iniciativas_id=152/000002
28/2/2019,Dictámenes de Comisiones de Investigación.,Dictamen de la Comisión de Investigación sobre la crisis financiera de España y el programa de asistencia financiera.,"Molinero Hoyos, Francisco",GP,No,6,313,21,10,https://www.congreso.es/es/busqueda-de-iniciativas?p_p_id=iniciativas&p_p_lifecycle=0&p_p_state=normal&p_p_mode=view&_iniciativas_mode=mostrarDetalle&_iniciativas_legislatura=XII&_iniciativas_id=152/000002
28/2/2019,Dictámenes de Comisiones de Investigación.,Dictamen de la Comisión de Investigación sobre la crisis financiera de España y el programa de asistencia financiera.,"González Guinda, María del Carmen",GP,No,6,313,21,10,https://www.congreso.es/es/busqueda-de-iniciativas?p_p_id=iniciativas&p_p_lifecycle=0&p_p_state=normal&p_p_mode=view&_iniciativas_mode=mostrarDetalle&_iniciativas_legislatura=XII&_iniciativas_id=152/000002
28/2/2019,Dictámenes de Comisiones de Investigación.,Dictamen de la Comisión de Investigación sobre la crisis financiera de España y el programa de asistencia financiera.,"Garaulet Rodríguez, Miguel Ángel",GCs,No,6,313,21,10,https://www.congreso.es/es/busqueda-de-iniciativas?p_p_id=iniciativas&p_p_lifecycle=0&p_p_state=normal&p_p_mode=view&_iniciativas_mode=mostrarDetalle&_iniciativas_legislatura=XII&_iniciativas_id=152/000002
28/2/2019,Dictámenes de Comisiones de Investigación.,Dictamen de la Comisión de Investigación sobre la crisis financiera de España y el programa de asistencia financiera.,"Martínez González, José Luis",GCs,No,6,313,21,10,https://www.congreso.es/es/busqueda-de-iniciativas?p_p_id=iniciativas&p_p_lifecycle=0&p_p_state=normal&p_p_mode=view&_iniciativas_mode=mostrarDetalle&_iniciativas_legislatura=XII&_iniciativas_id=152/000002
28/2/2019,Dictámenes de Comisiones de Investigación.,Dictamen de la Comisión de Investigación sobre la crisis financiera de España y el programa de asistencia financiera.,"Gómez Balsera, Marcial",GCs,No,6,313,21,10,https://www.congreso.es/es/busqueda-de-iniciativas?p_p_id=iniciativas&p_p_lifecycle=0&p_p_state=normal&p_p_mode=view&_iniciativas_mode=mostrarDetalle&_iniciativas_legislatura=XII&_iniciativas_id=152/000002
28/2/2019,Dictámenes de Comisiones de Investigación.,Dictamen de la Comisión de Investigación sobre la crisis financiera de España y el programa de asistencia financiera.,"Cano Leal, Francisco Javier",GCs,No,6,313,21,10,https://www.congreso.es/es/busqueda-de-iniciativas?p_p_id=iniciativas&p_p_lifecycle=0&p_p_state=normal&p_p_mode=view&_iniciativas_mode=mostrarDetalle&_iniciativas_legislatura=XII&_iniciativas_id=152/000002
28/2/2019,Dictámenes de Comisiones de Investigación.,Dictamen de la Comisión de Investigación sobre la crisis financiera de España y el programa de asistencia financiera.,"Posada Moreno, Jesús",GP,No,6,313,21,10,https://www.congreso.es/es/busqueda-de-iniciativas?p_p_id=iniciativas&p_p_lifecycle=0&p_p_state=normal&p_p_mode=view&_iniciativas_mode=mostrarDetalle&_iniciativas_legislatura=XII&_iniciativas_id=152/000002
28/2/2019,Dictámenes de Comisiones de Investigación.,Dictamen de la Comisión de Investigación sobre la crisis financiera de España y el programa de asistencia financiera.,"Luena López, César",GS,No,6,313,21,10,https://www.congreso.es/es/busqueda-de-iniciativas?p_p_id=iniciativas&p_p_lifecycle=0&p_p_state=normal&p_p_mode=view&_iniciativas_mode=mostrarDetalle&_iniciativas_legislatura=XII&_iniciativas_id=152/000002
28/2/2019,Dictámenes de Comisiones de Investigación.,Dictamen de la Comisión de Investigación sobre la crisis financiera de España y el programa de asistencia financiera.,"De la Encina Ortega, Salvador Antonio",GS,No,6,313,21,10,https://www.congreso.es/es/busqueda-de-iniciativas?p_p_id=iniciativas&p_p_lifecycle=0&p_p_state=normal&p_p_mode=view&_iniciativas_mode=mostrarDetalle&_iniciativas_legislatura=XII&_iniciativas_id=152/000002
28/2/2019,Dictámenes de Comisiones de Investigación.,Dictamen de la Comisión de Investigación sobre la crisis financiera de España y el programa de asistencia financiera.,"Paniagua Núñez, Miguel Ángel",GP,No,6,313,21,10,https://www.congreso.es/es/busqueda-de-iniciativas?p_p_id=iniciativas&p_p_lifecycle=0&p_p_state=normal&p_p_mode=view&_iniciativas_mode=mostrarDetalle&_iniciativas_legislatura=XII&_iniciativas_id=152/000002
28/2/2019,Dictámenes de Comisiones de Investigación.,Dictamen de la Comisión de Investigación sobre la crisis financiera de España y el programa de asistencia financiera.,"López Álvarez, Patxi",GS,No,6,313,21,10,https://www.congreso.es/es/busqueda-de-iniciativas?p_p_id=iniciativas&p_p_lifecycle=0&p_p_state=normal&p_p_mode=view&_iniciativas_mode=mostrarDetalle&_iniciativas_legislatura=XII&_iniciativas_id=152/000002
28/2/2019,Dictámenes de Comisiones de Investigación.,Dictamen de la Comisión de Investigación sobre la crisis financiera de España y el programa de asistencia financiera.,"Juncal Rodríguez, Juan Manuel",GP,No,6,313,21,10,https://www.congreso.es/es/busqueda-de-iniciativas?p_p_id=iniciativas&p_p_lifecycle=0&p_p_state=normal&p_p_mode=view&_iniciativas_mode=mostrarDetalle&_iniciativas_legislatura=XII&_iniciativas_id=152/000002
28/2/2019,Dictámenes de Comisiones de Investigación.,Dictamen de la Comisión de Investigación sobre la crisis financiera de España y el programa de asistencia financiera.,"Navarro Garzón, Micaela",GS,No,6,313,21,10,https://www.congreso.es/es/busqueda-de-iniciativas?p_p_id=iniciativas&p_p_lifecycle=0&p_p_state=normal&p_p_mode=view&_iniciativas_mode=mostrarDetalle&_iniciativas_legislatura=XII&_iniciativas_id=152/000002
28/2/2019,Dictámenes de Comisiones de Investigación.,Dictamen de la Comisión de Investigación sobre la crisis financiera de España y el programa de asistencia financiera.,"Blanco Garrido, Mª Mar",GP,No,6,313,21,10,https://www.congreso.es/es/busqueda-de-iniciativas?p_p_id=iniciativas&p_p_lifecycle=0&p_p_state=normal&p_p_mode=view&_iniciativas_mode=mostrarDetalle&_iniciativas_legislatura=XII&_iniciativas_id=152/000002
28/2/2019,Dictámenes de Comisiones de Investigación.,Dictamen de la Comisión de Investigación sobre la crisis financiera de España y el programa de asistencia financiera.,"Rojo Noguera, Pilar",GP,No,6,313,21,10,https://www.congreso.es/es/busqueda-de-iniciativas?p_p_id=iniciativas&p_p_lifecycle=0&p_p_state=normal&p_p_mode=view&_iniciativas_mode=mostrarDetalle&_iniciativas_legislatura=XII&_iniciativas_id=152/000002
28/2/2019,Dictámenes de Comisiones de Investigación.,Dictamen de la Comisión de Investigación sobre la crisis financiera de España y el programa de asistencia financiera.,"Cascales Martínez, Loreto",GP,No,6,313,21,10,https://www.congreso.es/es/busqueda-de-iniciativas?p_p_id=iniciativas&p_p_lifecycle=0&p_p_state=normal&p_p_mode=view&_iniciativas_mode=mostrarDetalle&_iniciativas_legislatura=XII&_iniciativas_id=152/000002
28/2/2019,Dictámenes de Comisiones de Investigación.,Dictamen de la Comisión de Investigación sobre la crisis financiera de España y el programa de asistencia financiera.,"Acedo Penco, Pedro",GP,No,6,313,21,10,https://www.congreso.es/es/busqueda-de-iniciativas?p_p_id=iniciativas&p_p_lifecycle=0&p_p_state=normal&p_p_mode=view&_iniciativas_mode=mostrarDetalle&_iniciativas_legislatura=XII&_iniciativas_id=152/000002
28/2/2019,Dictámenes de Comisiones de Investigación.,Dictamen de la Comisión de Investigación sobre la crisis financiera de España y el programa de asistencia financiera.,"Álvarez Palleiro, Félix",GCs,No,6,313,21,10,https://www.congreso.es/es/busqueda-de-iniciativas?p_p_id=iniciativas&p_p_lifecycle=0&p_p_state=normal&p_p_mode=view&_iniciativas_mode=mostrarDetalle&_iniciativas_legislatura=XII&_iniciativas_id=152/000002
28/2/2019,Dictámenes de Comisiones de Investigación.,Dictamen de la Comisión de Investigación sobre la crisis financiera de España y el programa de asistencia financiera.,"Díaz Gómez, Guillermo",GCs,No,6,313,21,10,https://www.congreso.es/es/busqueda-de-iniciativas?p_p_id=iniciativas&p_p_lifecycle=0&p_p_state=normal&p_p_mode=view&_iniciativas_mode=mostrarDetalle&_iniciativas_legislatura=XII&_iniciativas_id=152/000002
28/2/2019,Dictámenes de Comisiones de Investigación.,Dictamen de la Comisión de Investigación sobre la crisis financiera de España y el programa de asistencia financiera.,"Bajo Prieto, María Luz",GP,No,6,313,21,10,https://www.congreso.es/es/busqueda-de-iniciativas?p_p_id=iniciativas&p_p_lifecycle=0&p_p_state=normal&p_p_mode=view&_iniciativas_mode=mostrarDetalle&_iniciativas_legislatura=XII&_iniciativas_id=152/000002
28/2/2019,Dictámenes de Comisiones de Investigación.,Dictamen de la Comisión de Investigación sobre la crisis financiera de España y el programa de asistencia financiera.,"Clemente Giménez, Diego",GCs,No,6,313,21,10,https://www.congreso.es/es/busqueda-de-iniciativas?p_p_id=iniciativas&p_p_lifecycle=0&p_p_state=normal&p_p_mode=view&_iniciativas_mode=mostrarDetalle&_iniciativas_legislatura=XII&_iniciativas_id=152/000002
28/2/2019,Dictámenes de Comisiones de Investigación.,Dictamen de la Comisión de Investigación sobre la crisis financiera de España y el programa de asistencia financiera.,"Heredia Martín, Silvia",GP,No,6,313,21,10,https://www.congreso.es/es/busqueda-de-iniciativas?p_p_id=iniciativas&p_p_lifecycle=0&p_p_state=normal&p_p_mode=view&_iniciativas_mode=mostrarDetalle&_iniciativas_legislatura=XII&_iniciativas_id=152/000002
28/2/2019,Dictámenes de Comisiones de Investigación.,Dictamen de la Comisión de Investigación sobre la crisis financiera de España y el programa de asistencia financiera.,"Carreño Fernández, María Ascensión",GP,No,6,313,21,10,https://www.congreso.es/es/busqueda-de-iniciativas?p_p_id=iniciativas&p_p_lifecycle=0&p_p_state=normal&p_p_mode=view&_iniciativas_mode=mostrarDetalle&_iniciativas_legislatura=XII&_iniciativas_id=152/000002
28/2/2019,Dictámenes de Comisiones de Investigación.,Dictamen de la Comisión de Investigación sobre la crisis financiera de España y el programa de asistencia financiera.,"Millán Salmerón, María Virginia",GCs,No,6,313,21,10,https://www.congreso.es/es/busqueda-de-iniciativas?p_p_id=iniciativas&p_p_lifecycle=0&p_p_state=normal&p_p_mode=view&_iniciativas_mode=mostrarDetalle&_iniciativas_legislatura=XII&_iniciativas_id=152/000002
28/2/2019,Dictámenes de Comisiones de Investigación.,Dictamen de la Comisión de Investigación sobre la crisis financiera de España y el programa de asistencia financiera.,"Marí Bosó, José Vicente",GP,No,6,313,21,10,https://www.congreso.es/es/busqueda-de-iniciativas?p_p_id=iniciativas&p_p_lifecycle=0&p_p_state=normal&p_p_mode=view&_iniciativas_mode=mostrarDetalle&_iniciativas_legislatura=XII&_iniciativas_id=152/000002
28/2/2019,Dictámenes de Comisiones de Investigación.,Dictamen de la Comisión de Investigación sobre la crisis financiera de España y el programa de asistencia financiera.,"Delgado Ramos, Juan Antonio",GCUP-EC-EM,No,6,313,21,10,https://www.congreso.es/es/busqueda-de-iniciativas?p_p_id=iniciativas&p_p_lifecycle=0&p_p_state=normal&p_p_mode=view&_iniciativas_mode=mostrarDetalle&_iniciativas_legislatura=XII&_iniciativas_id=152/000002
28/2/2019,Dictámenes de Comisiones de Investigación.,Dictamen de la Comisión de Investigación sobre la crisis financiera de España y el programa de asistencia financiera.,"Gómez García, Rodrigo",GCs,No,6,313,21,10,https://www.congreso.es/es/busqueda-de-iniciativas?p_p_id=iniciativas&p_p_lifecycle=0&p_p_state=normal&p_p_mode=view&_iniciativas_mode=mostrarDetalle&_iniciativas_legislatura=XII&_iniciativas_id=152/000002
28/2/2019,Dictámenes de Comisiones de Investigación.,Dictamen de la Comisión de Investigación sobre la crisis financiera de España y el programa de asistencia financiera.,"Hurtado Zurera, Antonio",GS,No,6,313,21,10,https://www.congreso.es/es/busqueda-de-iniciativas?p_p_id=iniciativas&p_p_lifecycle=0&p_p_state=normal&p_p_mode=view&_iniciativas_mode=mostrarDetalle&_iniciativas_legislatura=XII&_iniciativas_id=152/000002
28/2/2019,Dictámenes de Comisiones de Investigación.,Dictamen de la Comisión de Investigación sobre la crisis financiera de España y el programa de asistencia financiera.,"Ramírez Freire, Saúl",GCs,No,6,313,21,10,https://www.congreso.es/es/busqueda-de-iniciativas?p_p_id=iniciativas&p_p_lifecycle=0&p_p_state=normal&p_p_mode=view&_iniciativas_mode=mostrarDetalle&_iniciativas_legislatura=XII&_iniciativas_id=152/000002
28/2/2019,Dictámenes de Comisiones de Investigación.,Dictamen de la Comisión de Investigación sobre la crisis financiera de España y el programa de asistencia financiera.,"Echániz Salgado, José Ignacio",GP,No,6,313,21,10,https://www.congreso.es/es/busqueda-de-iniciativas?p_p_id=iniciativas&p_p_lifecycle=0&p_p_state=normal&p_p_mode=view&_iniciativas_mode=mostrarDetalle&_iniciativas_legislatura=XII&_iniciativas_id=152/000002
28/2/2019,Dictámenes de Comisiones de Investigación.,Dictamen de la Comisión de Investigación sobre la crisis financiera de España y el programa de asistencia financiera.,"Elizo Serrano, María Gloria",GCUP-EC-EM,No,6,313,21,10,https://www.congreso.es/es/busqueda-de-iniciativas?p_p_id=iniciativas&p_p_lifecycle=0&p_p_state=normal&p_p_mode=view&_iniciativas_mode=mostrarDetalle&_iniciativas_legislatura=XII&_iniciativas_id=152/000002
28/2/2019,Dictámenes de Comisiones de Investigación.,Dictamen de la Comisión de Investigación sobre la crisis financiera de España y el programa de asistencia financiera.,"Pradas Torres, Antonio",GS,No,6,313,21,10,https://www.congreso.es/es/busqueda-de-iniciativas?p_p_id=iniciativas&p_p_lifecycle=0&p_p_state=normal&p_p_mode=view&_iniciativas_mode=mostrarDetalle&_iniciativas_legislatura=XII&_iniciativas_id=152/000002
28/2/2019,Dictámenes de Comisiones de Investigación.,Dictamen de la Comisión de Investigación sobre la crisis financiera de España y el programa de asistencia financiera.,"Valido Pérez, Carmen",GCUP-EC-EM,No,6,313,21,10,https://www.congreso.es/es/busqueda-de-iniciativas?p_p_id=iniciativas&p_p_lifecycle=0&p_p_state=normal&p_p_mode=view&_iniciativas_mode=mostrarDetalle&_iniciativas_legislatura=XII&_iniciativas_id=152/000002
28/2/2019,Dictámenes de Comisiones de Investigación.,Dictamen de la Comisión de Investigación sobre la crisis financiera de España y el programa de asistencia financiera.,"Pita Cárdenes, María del Carmen",GCUP-EC-EM,No,6,313,21,10,https://www.congreso.es/es/busqueda-de-iniciativas?p_p_id=iniciativas&p_p_lifecycle=0&p_p_state=normal&p_p_mode=view&_iniciativas_mode=mostrarDetalle&_iniciativas_legislatura=XII&_iniciativas_id=152/000002
28/2/2019,Dictámenes de Comisiones de Investigación.,Dictamen de la Comisión de Investigación sobre la crisis financiera de España y el programa de asistencia financiera.,"Martínez Oblanca, Isidro Manuel",GMx,No,6,313,21,10,https://www.congreso.es/es/busqueda-de-iniciativas?p_p_id=iniciativas&p_p_lifecycle=0&p_p_state=normal&p_p_mode=view&_iniciativas_mode=mostrarDetalle&_iniciativas_legislatura=XII&_iniciativas_id=152/000002
28/2/2019,Dictámenes de Comisiones de Investigación.,Dictamen de la Comisión de Investigación sobre la crisis financiera de España y el programa de asistencia financiera.,"Olano Vela, Jaime Eduardo de",GP,No,6,313,21,10,https://www.congreso.es/es/busqueda-de-iniciativas?p_p_id=iniciativas&p_p_lifecycle=0&p_p_state=normal&p_p_mode=view&_iniciativas_mode=mostrarDetalle&_iniciativas_legislatura=XII&_iniciativas_id=152/000002
28/2/2019,Dictámenes de Comisiones de Investigación.,Dictamen de la Comisión de Investigación sobre la crisis financiera de España y el programa de asistencia financiera.,"Rodríguez Ramos, María Soraya",GS,No,6,313,21,10,https://www.congreso.es/es/busqueda-de-iniciativas?p_p_id=iniciativas&p_p_lifecycle=0&p_p_state=normal&p_p_mode=view&_iniciativas_mode=mostrarDetalle&_iniciativas_legislatura=XII&_iniciativas_id=152/000002
28/2/2019,Dictámenes de Comisiones de Investigación.,Dictamen de la Comisión de Investigación sobre la crisis financiera de España y el programa de asistencia financiera.,"Montero Gil, Irene María",GCUP-EC-EM,No,6,313,21,10,https://www.congreso.es/es/busqueda-de-iniciativas?p_p_id=iniciativas&p_p_lifecycle=0&p_p_state=normal&p_p_mode=view&_iniciativas_mode=mostrarDetalle&_iniciativas_legislatura=XII&_iniciativas_id=152/000002
28/2/2019,Dictámenes de Comisiones de Investigación.,Dictamen de la Comisión de Investigación sobre la crisis financiera de España y el programa de asistencia financiera.,"Camps Devesa, Gerardo",GP,No,6,313,21,10,https://www.congreso.es/es/busqueda-de-iniciativas?p_p_id=iniciativas&p_p_lifecycle=0&p_p_state=normal&p_p_mode=view&_iniciativas_mode=mostrarDetalle&_iniciativas_legislatura=XII&_iniciativas_id=152/000002
28/2/2019,Dictámenes de Comisiones de Investigación.,Dictamen de la Comisión de Investigación sobre la crisis financiera de España y el programa de asistencia financiera.,"Gordo Pérez, Juan Luis",GS,No,6,313,21,10,https://www.congreso.es/es/busqueda-de-iniciativas?p_p_id=iniciativas&p_p_lifecycle=0&p_p_state=normal&p_p_mode=view&_iniciativas_mode=mostrarDetalle&_iniciativas_legislatura=XII&_iniciativas_id=152/000002
28/2/2019,Dictámenes de Comisiones de Investigación.,Dictamen de la Comisión de Investigación sobre la crisis financiera de España y el programa de asistencia financiera.,"Torres Mora, José Andrés",GS,No,6,313,21,10,https://www.congreso.es/es/busqueda-de-iniciativas?p_p_id=iniciativas&p_p_lifecycle=0&p_p_state=normal&p_p_mode=view&_iniciativas_mode=mostrarDetalle&_iniciativas_legislatura=XII&_iniciativas_id=152/000002
28/2/2019,Dictámenes de Comisiones de Investigación.,Dictamen de la Comisión de Investigación sobre la crisis financiera de España y el programa de asistencia financiera.,"Franquis Vera, Sebastián",GS,No,6,313,21,10,https://www.congreso.es/es/busqueda-de-iniciativas?p_p_id=iniciativas&p_p_lifecycle=0&p_p_state=normal&p_p_mode=view&_iniciativas_mode=mostrarDetalle&_iniciativas_legislatura=XII&_iniciativas_id=152/000002
28/2/2019,Dictámenes de Comisiones de Investigación.,Dictamen de la Comisión de Investigación sobre la crisis financiera de España y el programa de asistencia financiera.,"Clavell López, Óscar",GP,No,6,313,21,10,https://www.congreso.es/es/busqueda-de-iniciativas?p_p_id=iniciativas&p_p_lifecycle=0&p_p_state=normal&p_p_mode=view&_iniciativas_mode=mostrarDetalle&_iniciativas_legislatura=XII&_iniciativas_id=152/000002
28/2/2019,Dictámenes de Comisiones de Investigación.,Dictamen de la Comisión de Investigación sobre la crisis financiera de España y el programa de asistencia financiera.,"Meijón Couselo, Guillermo Antonio",GS,No,6,313,21,10,https://www.congreso.es/es/busqueda-de-iniciativas?p_p_id=iniciativas&p_p_lifecycle=0&p_p_state=normal&p_p_mode=view&_iniciativas_mode=mostrarDetalle&_iniciativas_legislatura=XII&_iniciativas_id=152/000002
28/2/2019,Dictámenes de Comisiones de Investigación.,Dictamen de la Comisión de Investigación sobre la crisis financiera de España y el programa de asistencia financiera.,"Sánchez Serna, Javier",GCUP-EC-EM,No,6,313,21,10,https://www.congreso.es/es/busqueda-de-iniciativas?p_p_id=iniciativas&p_p_lifecycle=0&p_p_state=normal&p_p_mode=view&_iniciativas_mode=mostrarDetalle&_iniciativas_legislatura=XII&_iniciativas_id=152/000002
28/2/2019,Dictámenes de Comisiones de Investigación.,Dictamen de la Comisión de Investigación sobre la crisis financiera de España y el programa de asistencia financiera.,"García-Pelayo Jurado, María José",GP,No,6,313,21,10,https://www.congreso.es/es/busqueda-de-iniciativas?p_p_id=iniciativas&p_p_lifecycle=0&p_p_state=normal&p_p_mode=view&_iniciativas_mode=mostrarDetalle&_iniciativas_legislatura=XII&_iniciativas_id=152/000002
28/2/2019,Dictámenes de Comisiones de Investigación.,Dictamen de la Comisión de Investigación sobre la crisis financiera de España y el programa de asistencia financiera.,"González Veracruz, María",GS,No,6,313,21,10,https://www.congreso.es/es/busqueda-de-iniciativas?p_p_id=iniciativas&p_p_lifecycle=0&p_p_state=normal&p_p_mode=view&_iniciativas_mode=mostrarDetalle&_iniciativas_legislatura=XII&_iniciativas_id=152/000002
28/2/2019,Dictámenes de Comisiones de Investigación.,Dictamen de la Comisión de Investigación sobre la crisis financiera de España y el programa de asistencia financiera.,"Catalá Polo, Rafael",GP,No,6,313,21,10,https://www.congreso.es/es/busqueda-de-iniciativas?p_p_id=iniciativas&p_p_lifecycle=0&p_p_state=normal&p_p_mode=view&_iniciativas_mode=mostrarDetalle&_iniciativas_legislatura=XII&_iniciativas_id=152/000002
28/2/2019,Dictámenes de Comisiones de Investigación.,Dictamen de la Comisión de Investigación sobre la crisis financiera de España y el programa de asistencia financiera.,"Serrada Pariente, David",GS,No,6,313,21,10,https://www.congreso.es/es/busqueda-de-iniciativas?p_p_id=iniciativas&p_p_lifecycle=0&p_p_state=normal&p_p_mode=view&_iniciativas_mode=mostrarDetalle&_iniciativas_legislatura=XII&_iniciativas_id=152/000002
28/2/2019,Dictámenes de Comisiones de Investigación.,Dictamen de la Comisión de Investigación sobre la crisis financiera de España y el programa de asistencia financiera.,"Fernández Díaz, Jorge",GP,No,6,313,21,10,https://www.congreso.es/es/busqueda-de-iniciativas?p_p_id=iniciativas&p_p_lifecycle=0&p_p_state=normal&p_p_mode=view&_iniciativas_mode=mostrarDetalle&_iniciativas_legislatura=XII&_iniciativas_id=152/000002
28/2/2019,Dictámenes de Comisiones de Investigación.,Dictamen de la Comisión de Investigación sobre la crisis financiera de España y el programa de asistencia financiera.,"González Terol, Antonio",GP,No,6,313,21,10,https://www.congreso.es/es/busqueda-de-iniciativas?p_p_id=iniciativas&p_p_lifecycle=0&p_p_state=normal&p_p_mode=view&_iniciativas_mode=mostrarDetalle&_iniciativas_legislatura=XII&_iniciativas_id=152/000002
28/2/2019,Dictámenes de Comisiones de Investigación.,Dictamen de la Comisión de Investigación sobre la crisis financiera de España y el programa de asistencia financiera.,"Honorato Chulián, María Auxiliadora",GCUP-EC-EM,No,6,313,21,10,https://www.congreso.es/es/busqueda-de-iniciativas?p_p_id=iniciativas&p_p_lifecycle=0&p_p_state=normal&p_p_mode=view&_iniciativas_mode=mostrarDetalle&_iniciativas_legislatura=XII&_iniciativas_id=152/000002
28/2/2019,Dictámenes de Comisiones de Investigación.,Dictamen de la Comisión de Investigación sobre la crisis financiera de España y el programa de asistencia financiera.,"Pascual Peña, Sergio",GCUP-EC-EM,No,6,313,21,10,https://www.congreso.es/es/busqueda-de-iniciativas?p_p_id=iniciativas&p_p_lifecycle=0&p_p_state=normal&p_p_mode=view&_iniciativas_mode=mostrarDetalle&_iniciativas_legislatura=XII&_iniciativas_id=152/000002
28/2/2019,Dictámenes de Comisiones de Investigación.,Dictamen de la Comisión de Investigación sobre la crisis financiera de España y el programa de asistencia financiera.,"Terrón Berbel, Ana Belén",GCUP-EC-EM,No,6,313,21,10,https://www.congreso.es/es/busqueda-de-iniciativas?p_p_id=iniciativas&p_p_lifecycle=0&p_p_state=normal&p_p_mode=view&_iniciativas_mode=mostrarDetalle&_iniciativas_legislatura=XII&_iniciativas_id=152/000002
28/2/2019,Dictámenes de Comisiones de Investigación.,Dictamen de la Comisión de Investigación sobre la crisis financiera de España y el programa de asistencia financiera.,"Gutiérrez Limones, Antonio",GS,No,6,313,21,10,https://www.congreso.es/es/busqueda-de-iniciativas?p_p_id=iniciativas&p_p_lifecycle=0&p_p_state=normal&p_p_mode=view&_iniciativas_mode=mostrarDetalle&_iniciativas_legislatura=XII&_iniciativas_id=152/000002
28/2/2019,Dictámenes de Comisiones de Investigación.,Dictamen de la Comisión de Investigación sobre la crisis financiera de España y el programa de asistencia financiera.,"Bellido Acevedo, Pablo",GS,No,6,313,21,10,https://www.congreso.es/es/busqueda-de-iniciativas?p_p_id=iniciativas&p_p_lifecycle=0&p_p_state=normal&p_p_mode=view&_iniciativas_mode=mostrarDetalle&_iniciativas_legislatura=XII&_iniciativas_id=152/000002
28/2/2019,Dictámenes de Comisiones de Investigación.,Dictamen de la Comisión de Investigación sobre la crisis financiera de España y el programa de asistencia financiera.,"Pérez Domínguez, María Soledad",GS,No,6,313,21,10,https://www.congreso.es/es/busqueda-de-iniciativas?p_p_id=iniciativas&p_p_lifecycle=0&p_p_state=normal&p_p_mode=view&_iniciativas_mode=mostrarDetalle&_iniciativas_legislatura=XII&_iniciativas_id=152/000002
28/2/2019,Dictámenes de Comisiones de Investigación.,Dictamen de la Comisión de Investigación sobre la crisis financiera de España y el programa de asistencia financiera.,"Lucio Carrasco, María Pilar",GS,No,6,313,21,10,https://www.congreso.es/es/busqueda-de-iniciativas?p_p_id=iniciativas&p_p_lifecycle=0&p_p_state=normal&p_p_mode=view&_iniciativas_mode=mostrarDetalle&_iniciativas_legislatura=XII&_iniciativas_id=152/000002
28/2/2019,Dictámenes de Comisiones de Investigación.,Dictamen de la Comisión de Investigación sobre la crisis financiera de España y el programa de asistencia financiera.,"Ramón Utrabo, Elvira",GS,No,6,313,21,10,https://www.congreso.es/es/busqueda-de-iniciativas?p_p_id=iniciativas&p_p_lifecycle=0&p_p_state=normal&p_p_mode=view&_iniciativas_mode=mostrarDetalle&_iniciativas_legislatura=XII&_iniciativas_id=152/000002
28/2/2019,Dictámenes de Comisiones de Investigación.,Dictamen de la Comisión de Investigación sobre la crisis financiera de España y el programa de asistencia financiera.,"García-Margallo y Marfil, José Manuel",GP,No,6,313,21,10,https://www.congreso.es/es/busqueda-de-iniciativas?p_p_id=iniciativas&p_p_lifecycle=0&p_p_state=normal&p_p_mode=view&_iniciativas_mode=mostrarDetalle&_iniciativas_legislatura=XII&_iniciativas_id=152/000002
28/2/2019,Dictámenes de Comisiones de Investigación.,Dictamen de la Comisión de Investigación sobre la crisis financiera de España y el programa de asistencia financiera.,"Belarra Urteaga, Ione",GCUP-EC-EM,No,6,313,21,10,https://www.congreso.es/es/busqueda-de-iniciativas?p_p_id=iniciativas&p_p_lifecycle=0&p_p_state=normal&p_p_mode=view&_iniciativas_mode=mostrarDetalle&_iniciativas_legislatura=XII&_iniciativas_id=152/000002
28/2/2019,Dictámenes de Comisiones de Investigación.,Dictamen de la Comisión de Investigación sobre la crisis financiera de España y el programa de asistencia financiera.,"Monereo Pérez, Manuel",GCUP-EC-EM,No,6,313,21,10,https://www.congreso.es/es/busqueda-de-iniciativas?p_p_id=iniciativas&p_p_lifecycle=0&p_p_state=normal&p_p_mode=view&_iniciativas_mode=mostrarDetalle&_iniciativas_legislatura=XII&_iniciativas_id=152/000002
28/2/2019,Dictámenes de Comisiones de Investigación.,Dictamen de la Comisión de Investigación sobre la crisis financiera de España y el programa de asistencia financiera.,"Rominguera Salazar, María del Mar",GS,No,6,313,21,10,https://www.congreso.es/es/busqueda-de-iniciativas?p_p_id=iniciativas&p_p_lifecycle=0&p_p_state=normal&p_p_mode=view&_iniciativas_mode=mostrarDetalle&_iniciativas_legislatura=XII&_iniciativas_id=152/000002
28/2/2019,Dictámenes de Comisiones de Investigación.,Dictamen de la Comisión de Investigación sobre la crisis financiera de España y el programa de asistencia financiera.,"Herrero Bono, José Alberto",GP,No,6,313,21,10,https://www.congreso.es/es/busqueda-de-iniciativas?p_p_id=iniciativas&p_p_lifecycle=0&p_p_state=normal&p_p_mode=view&_iniciativas_mode=mostrarDetalle&_iniciativas_legislatura=XII&_iniciativas_id=152/000002
28/2/2019,Dictámenes de Comisiones de Investigación.,Dictamen de la Comisión de Investigación sobre la crisis financiera de España y el programa de asistencia financiera.,"Alba Goveli, Nayua Miriam",GCUP-EC-EM,No,6,313,21,10,https://www.congreso.es/es/busqueda-de-iniciativas?p_p_id=iniciativas&p_p_lifecycle=0&p_p_state=normal&p_p_mode=view&_iniciativas_mode=mostrarDetalle&_iniciativas_legislatura=XII&_iniciativas_id=152/000002
28/2/2019,Dictámenes de Comisiones de Investigación.,Dictamen de la Comisión de Investigación sobre la crisis financiera de España y el programa de asistencia financiera.,"Maura Zorita, Eduardo Javier",GCUP-EC-EM,No,6,313,21,10,https://www.congreso.es/es/busqueda-de-iniciativas?p_p_id=iniciativas&p_p_lifecycle=0&p_p_state=normal&p_p_mode=view&_iniciativas_mode=mostrarDetalle&_iniciativas_legislatura=XII&_iniciativas_id=152/000002
28/2/2019,Dictámenes de Comisiones de Investigación.,Dictamen de la Comisión de Investigación sobre la crisis financiera de España y el programa de asistencia financiera.,"Navarro Lacoba, Carmen",GP,No,6,313,21,10,https://www.congreso.es/es/busqueda-de-iniciativas?p_p_id=iniciativas&p_p_lifecycle=0&p_p_state=normal&p_p_mode=view&_iniciativas_mode=mostrarDetalle&_iniciativas_legislatura=XII&_iniciativas_id=152/000002
28/2/2019,Dictámenes de Comisiones de Investigación.,Dictamen de la Comisión de Investigación sobre la crisis financiera de España y el programa de asistencia financiera.,"González Bayo, Josefa Inmaculada",GS,No,6,313,21,10,https://www.congreso.es/es/busqueda-de-iniciativas?p_p_id=iniciativas&p_p_lifecycle=0&p_p_state=normal&p_p_mode=view&_iniciativas_mode=mostrarDetalle&_iniciativas_legislatura=XII&_iniciativas_id=152/000002
28/2/2019,Dictámenes de Comisiones de Investigación.,Dictamen de la Comisión de Investigación sobre la crisis financiera de España y el programa de asistencia financiera.,"Serrano Jiménez, María Jesús",GS,No,6,313,21,10,https://www.congreso.es/es/busqueda-de-iniciativas?p_p_id=iniciativas&p_p_lifecycle=0&p_p_state=normal&p_p_mode=view&_iniciativas_mode=mostrarDetalle&_iniciativas_legislatura=XII&_iniciativas_id=152/000002
28/2/2019,Dictámenes de Comisiones de Investigación.,Dictamen de la Comisión de Investigación sobre la crisis financiera de España y el programa de asistencia financiera.,"Cuello Pérez, Carmen Rocío",GS,No,6,313,21,10,https://www.congreso.es/es/busqueda-de-iniciativas?p_p_id=iniciativas&p_p_lifecycle=0&p_p_state=normal&p_p_mode=view&_iniciativas_mode=mostrarDetalle&_iniciativas_legislatura=XII&_iniciativas_id=152/000002
28/2/2019,Dictámenes de Comisiones de Investigación.,Dictamen de la Comisión de Investigación sobre la crisis financiera de España y el programa de asistencia financiera.,"Franco Carmona, Isabel",GCUP-EC-EM,No,6,313,21,10,https://www.congreso.es/es/busqueda-de-iniciativas?p_p_id=iniciativas&p_p_lifecycle=0&p_p_state=normal&p_p_mode=view&_iniciativas_mode=mostrarDetalle&_iniciativas_legislatura=XII&_iniciativas_id=152/000002
28/2/2019,Dictámenes de Comisiones de Investigación.,Dictamen de la Comisión de Investigación sobre la crisis financiera de España y el programa de asistencia financiera.,"López de Uralde Garmendia, Juan Antonio",GCUP-EC-EM,No,6,313,21,10,https://www.congreso.es/es/busqueda-de-iniciativas?p_p_id=iniciativas&p_p_lifecycle=0&p_p_state=normal&p_p_mode=view&_iniciativas_mode=mostrarDetalle&_iniciativas_legislatura=XII&_iniciativas_id=152/000002
28/2/2019,Dictámenes de Comisiones de Investigación.,Dictamen de la Comisión de Investigación sobre la crisis financiera de España y el programa de asistencia financiera.,"Antón Cacho, Javier",GS,No,6,313,21,10,https://www.congreso.es/es/busqueda-de-iniciativas?p_p_id=iniciativas&p_p_lifecycle=0&p_p_state=normal&p_p_mode=view&_iniciativas_mode=mostrarDetalle&_iniciativas_legislatura=XII&_iniciativas_id=152/000002
28/2/2019,Dictámenes de Comisiones de Investigación.,Dictamen de la Comisión de Investigación sobre la crisis financiera de España y el programa de asistencia financiera.,"Ferrer Tesoro, Sonia",GS,No,6,313,21,10,https://www.congreso.es/es/busqueda-de-iniciativas?p_p_id=iniciativas&p_p_lifecycle=0&p_p_state=normal&p_p_mode=view&_iniciativas_mode=mostrarDetalle&_iniciativas_legislatura=XII&_iniciativas_id=152/000002
28/2/2019,Dictámenes de Comisiones de Investigación.,Dictamen de la Comisión de Investigación sobre la crisis financiera de España y el programa de asistencia financiera.,"Montoro Romero, Cristóbal Ricardo",GP,No,6,313,21,10,https://www.congreso.es/es/busqueda-de-iniciativas?p_p_id=iniciativas&p_p_lifecycle=0&p_p_state=normal&p_p_mode=view&_iniciativas_mode=mostrarDetalle&_iniciativas_legislatura=XII&_iniciativas_id=152/000002
28/2/2019,Dictámenes de Comisiones de Investigación.,Dictamen de la Comisión de Investigación sobre la crisis financiera de España y el programa de asistencia financiera.,"Alós López, Ana Isabel",GP,No,6,313,21,10,https://www.congreso.es/es/busqueda-de-iniciativas?p_p_id=iniciativas&p_p_lifecycle=0&p_p_state=normal&p_p_mode=view&_iniciativas_mode=mostrarDetalle&_iniciativas_legislatura=XII&_iniciativas_id=152/000002
28/2/2019,Dictámenes de Comisiones de Investigación.,Dictamen de la Comisión de Investigación sobre la crisis financiera de España y el programa de asistencia financiera.,"Ten Oliver, Vicente",GCs,No,6,313,21,10,https://www.congreso.es/es/busqueda-de-iniciativas?p_p_id=iniciativas&p_p_lifecycle=0&p_p_state=normal&p_p_mode=view&_iniciativas_mode=mostrarDetalle&_iniciativas_legislatura=XII&_iniciativas_id=152/000002
28/2/2019,Dictámenes de Comisiones de Investigación.,Dictamen de la Comisión de Investigación sobre la crisis financiera de España y el programa de asistencia financiera.,"Elorza González, Odón",GS,No,6,313,21,10,https://www.congreso.es/es/busqueda-de-iniciativas?p_p_id=iniciativas&p_p_lifecycle=0&p_p_state=normal&p_p_mode=view&_iniciativas_mode=mostrarDetalle&_iniciativas_legislatura=XII&_iniciativas_id=152/000002
28/2/2019,Dictámenes de Comisiones de Investigación.,Dictamen de la Comisión de Investigación sobre la crisis financiera de España y el programa de asistencia financiera.,"Barrachina Ros, Miguel",GP,No,6,313,21,10,https://www.congreso.es/es/busqueda-de-iniciativas?p_p_id=iniciativas&p_p_lifecycle=0&p_p_state=normal&p_p_mode=view&_iniciativas_mode=mostrarDetalle&_iniciativas_legislatura=XII&_iniciativas_id=152/000002
28/2/2019,Dictámenes de Comisiones de Investigación.,Dictamen de la Comisión de Investigación sobre la crisis financiera de España y el programa de asistencia financiera.,"Sixto Iglesias, Ricardo",GCUP-EC-EM,No,6,313,21,10,https://www.congreso.es/es/busqueda-de-iniciativas?p_p_id=iniciativas&p_p_lifecycle=0&p_p_state=normal&p_p_mode=view&_iniciativas_mode=mostrarDetalle&_iniciativas_legislatura=XII&_iniciativas_id=152/000002
28/2/2019,Dictámenes de Comisiones de Investigación.,Dictamen de la Comisión de Investigación sobre la crisis financiera de España y el programa de asistencia financiera.,"Vera Pró, Juan Carlos",GP,No,6,313,21,10,https://www.congreso.es/es/busqueda-de-iniciativas?p_p_id=iniciativas&p_p_lifecycle=0&p_p_state=normal&p_p_mode=view&_iniciativas_mode=mostrarDetalle&_iniciativas_legislatura=XII&_iniciativas_id=152/000002
28/2/2019,Dictámenes de Comisiones de Investigación.,Dictamen de la Comisión de Investigación sobre la crisis financiera de España y el programa de asistencia financiera.,"González Muñoz, Ángel Luis",GP,No,6,313,21,10,https://www.congreso.es/es/busqueda-de-iniciativas?p_p_id=iniciativas&p_p_lifecycle=0&p_p_state=normal&p_p_mode=view&_iniciativas_mode=mostrarDetalle&_iniciativas_legislatura=XII&_iniciativas_id=152/000002
28/2/2019,Dictámenes de Comisiones de Investigación.,Dictamen de la Comisión de Investigación sobre la crisis financiera de España y el programa de asistencia financiera.,"Maura Barandiarán, Fernando",GCs,No,6,313,21,10,https://www.congreso.es/es/busqueda-de-iniciativas?p_p_id=iniciativas&p_p_lifecycle=0&p_p_state=normal&p_p_mode=view&_iniciativas_mode=mostrarDetalle&_iniciativas_legislatura=XII&_iniciativas_id=152/000002
28/2/2019,Dictámenes de Comisiones de Investigación.,Dictamen de la Comisión de Investigación sobre la crisis financiera de España y el programa de asistencia financiera.,"Hoyo Juliá, Belén",GP,No,6,313,21,10,https://www.congreso.es/es/busqueda-de-iniciativas?p_p_id=iniciativas&p_p_lifecycle=0&p_p_state=normal&p_p_mode=view&_iniciativas_mode=mostrarDetalle&_iniciativas_legislatura=XII&_iniciativas_id=152/000002
28/2/2019,Dictámenes de Comisiones de Investigación.,Dictamen de la Comisión de Investigación sobre la crisis financiera de España y el programa de asistencia financiera.,"Alli Martínez, Íñigo Jesús",GMx,No,6,313,21,10,https://www.congreso.es/es/busqueda-de-iniciativas?p_p_id=iniciativas&p_p_lifecycle=0&p_p_state=normal&p_p_mode=view&_iniciativas_mode=mostrarDetalle&_iniciativas_legislatura=XII&_iniciativas_id=152/000002
28/2/2019,Dictámenes de Comisiones de Investigación.,Dictamen de la Comisión de Investigación sobre la crisis financiera de España y el programa de asistencia financiera.,"Tarno Blanco, Ricardo",GP,No,6,313,21,10,https://www.congreso.es/es/busqueda-de-iniciativas?p_p_id=iniciativas&p_p_lifecycle=0&p_p_state=normal&p_p_mode=view&_iniciativas_mode=mostrarDetalle&_iniciativas_legislatura=XII&_iniciativas_id=152/000002
28/2/2019,Dictámenes de Comisiones de Investigación.,Dictamen de la Comisión de Investigación sobre la crisis financiera de España y el programa de asistencia financiera.,"Moreno Bustos, Ramón",GP,No,6,313,21,10,https://www.congreso.es/es/busqueda-de-iniciativas?p_p_id=iniciativas&p_p_lifecycle=0&p_p_state=normal&p_p_mode=view&_iniciativas_mode=mostrarDetalle&_iniciativas_legislatura=XII&_iniciativas_id=152/000002
28/2/2019,Dictámenes de Comisiones de Investigación.,Dictamen de la Comisión de Investigación sobre la crisis financiera de España y el programa de asistencia financiera.,"Zoido Álvarez, Juan Ignacio",GP,No,6,313,21,10,https://www.congreso.es/es/busqueda-de-iniciativas?p_p_id=iniciativas&p_p_lifecycle=0&p_p_state=normal&p_p_mode=view&_iniciativas_mode=mostrarDetalle&_iniciativas_legislatura=XII&_iniciativas_id=152/000002
28/2/2019,Dictámenes de Comisiones de Investigación.,Dictamen de la Comisión de Investigación sobre la crisis financiera de España y el programa de asistencia financiera.,"Madrazo Díaz, Ana María",GP,No,6,313,21,10,https://www.congreso.es/es/busqueda-de-iniciativas?p_p_id=iniciativas&p_p_lifecycle=0&p_p_state=normal&p_p_mode=view&_iniciativas_mode=mostrarDetalle&_iniciativas_legislatura=XII&_iniciativas_id=152/000002
28/2/2019,Dictámenes de Comisiones de Investigación.,Dictamen de la Comisión de Investigación sobre la crisis financiera de España y el programa de asistencia financiera.,"Bosaho Gori, Rita Gertrudis",GCUP-EC-EM,No,6,313,21,10,https://www.congreso.es/es/busqueda-de-iniciativas?p_p_id=iniciativas&p_p_lifecycle=0&p_p_state=normal&p_p_mode=view&_iniciativas_mode=mostrarDetalle&_iniciativas_legislatura=XII&_iniciativas_id=152/000002
28/2/2019,Dictámenes de Comisiones de Investigación.,Dictamen de la Comisión de Investigación sobre la crisis financiera de España y el programa de asistencia financiera.,"Ballester Muñoz, Àngela",GCUP-EC-EM,No,6,313,21,10,https://www.congreso.es/es/busqueda-de-iniciativas?p_p_id=iniciativas&p_p_lifecycle=0&p_p_state=normal&p_p_mode=view&_iniciativas_mode=mostrarDetalle&_iniciativas_legislatura=XII&_iniciativas_id=152/000002
28/2/2019,Dictámenes de Comisiones de Investigación.,Dictamen de la Comisión de Investigación sobre la crisis financiera de España y el programa de asistencia financiera.,"Pastor Muñoz, Rosana",GCUP-EC-EM,No,6,313,21,10,https://www.congreso.es/es/busqueda-de-iniciativas?p_p_id=iniciativas&p_p_lifecycle=0&p_p_state=normal&p_p_mode=view&_iniciativas_mode=mostrarDetalle&_iniciativas_legislatura=XII&_iniciativas_id=152/000002
28/2/2019,Dictámenes de Comisiones de Investigación.,Dictamen de la Comisión de Investigación sobre la crisis financiera de España y el programa de asistencia financiera.,"Vila Gómez, Miguel",GCUP-EC-EM,No,6,313,21,10,https://www.congreso.es/es/busqueda-de-iniciativas?p_p_id=iniciativas&p_p_lifecycle=0&p_p_state=normal&p_p_mode=view&_iniciativas_mode=mostrarDetalle&_iniciativas_legislatura=XII&_iniciativas_id=152/000002
28/2/2019,Dictámenes de Comisiones de Investigación.,Dictamen de la Comisión de Investigación sobre la crisis financiera de España y el programa de asistencia financiera.,"Dueñas Martínez, María del Carmen",GP,No,6,313,21,10,https://www.congreso.es/es/busqueda-de-iniciativas?p_p_id=iniciativas&p_p_lifecycle=0&p_p_state=normal&p_p_mode=view&_iniciativas_mode=mostrarDetalle&_iniciativas_legislatura=XII&_iniciativas_id=152/000002
28/2/2019,Dictámenes de Comisiones de Investigación.,Dictamen de la Comisión de Investigación sobre la crisis financiera de España y el programa de asistencia financiera.,"Palmer Tous, Teresa",GP,No,6,313,21,10,https://www.congreso.es/es/busqueda-de-iniciativas?p_p_id=iniciativas&p_p_lifecycle=0&p_p_state=normal&p_p_mode=view&_iniciativas_mode=mostrarDetalle&_iniciativas_legislatura=XII&_iniciativas_id=152/000002
28/2/2019,Dictámenes de Comisiones de Investigación.,Dictamen de la Comisión de Investigación sobre la crisis financiera de España y el programa de asistencia financiera.,"Reynés Calvache, Águeda",GP,No,6,313,21,10,https://www.congreso.es/es/busqueda-de-iniciativas?p_p_id=iniciativas&p_p_lifecycle=0&p_p_state=normal&p_p_mode=view&_iniciativas_mode=mostrarDetalle&_iniciativas_legislatura=XII&_iniciativas_id=152/000002
28/2/2019,Dictámenes de Comisiones de Investigación.,Dictamen de la Comisión de Investigación sobre la crisis financiera de España y el programa de asistencia financiera.,"López Ares, Susana",GP,No,6,313,21,10,https://www.congreso.es/es/busqueda-de-iniciativas?p_p_id=iniciativas&p_p_lifecycle=0&p_p_state=normal&p_p_mode=view&_iniciativas_mode=mostrarDetalle&_iniciativas_legislatura=XII&_iniciativas_id=152/000002
28/2/2019,Dictámenes de Comisiones de Investigación.,Dictamen de la Comisión de Investigación sobre la crisis financiera de España y el programa de asistencia financiera.,"Botejara Sanz, Amparo",GCUP-EC-EM,No,6,313,21,10,https://www.congreso.es/es/busqueda-de-iniciativas?p_p_id=iniciativas&p_p_lifecycle=0&p_p_state=normal&p_p_mode=view&_iniciativas_mode=mostrarDetalle&_iniciativas_legislatura=XII&_iniciativas_id=152/000002
28/2/2019,Dictámenes de Comisiones de Investigación.,Dictamen de la Comisión de Investigación sobre la crisis financiera de España y el programa de asistencia financiera.,"Garzón Espinosa, Alberto",GCUP-EC-EM,No,6,313,21,10,https://www.congreso.es/es/busqueda-de-iniciativas?p_p_id=iniciativas&p_p_lifecycle=0&p_p_state=normal&p_p_mode=view&_iniciativas_mode=mostrarDetalle&_iniciativas_legislatura=XII&_iniciativas_id=152/000002
28/2/2019,Dictámenes de Comisiones de Investigación.,Dictamen de la Comisión de Investigación sobre la crisis financiera de España y el programa de asistencia financiera.,"García Sempere, Eva",GCUP-EC-EM,No,6,313,21,10,https://www.congreso.es/es/busqueda-de-iniciativas?p_p_id=iniciativas&p_p_lifecycle=0&p_p_state=normal&p_p_mode=view&_iniciativas_mode=mostrarDetalle&_iniciativas_legislatura=XII&_iniciativas_id=152/000002
28/2/2019,Dictámenes de Comisiones de Investigación.,Dictamen de la Comisión de Investigación sobre la crisis financiera de España y el programa de asistencia financiera.,"Bustamante Martín, Miguel Ángel",GCUP-EC-EM,No,6,313,21,10,https://www.congreso.es/es/busqueda-de-iniciativas?p_p_id=iniciativas&p_p_lifecycle=0&p_p_state=normal&p_p_mode=view&_iniciativas_mode=mostrarDetalle&_iniciativas_legislatura=XII&_iniciativas_id=152/000002
28/2/2019,Dictámenes de Comisiones de Investigación.,Dictamen de la Comisión de Investigación sobre la crisis financiera de España y el programa de asistencia financiera.,"Salud Areste, María Isabel",GCUP-EC-EM,No,6,313,21,10,https://www.congreso.es/es/busqueda-de-iniciativas?p_p_id=iniciativas&p_p_lifecycle=0&p_p_state=normal&p_p_mode=view&_iniciativas_mode=mostrarDetalle&_iniciativas_legislatura=XII&_iniciativas_id=152/000002
28/2/2019,Dictámenes de Comisiones de Investigación.,Dictamen de la Comisión de Investigación sobre la crisis financiera de España y el programa de asistencia financiera.,"Fernández Díaz, Jesús María",GS,No,6,313,21,10,https://www.congreso.es/es/busqueda-de-iniciativas?p_p_id=iniciativas&p_p_lifecycle=0&p_p_state=normal&p_p_mode=view&_iniciativas_mode=mostrarDetalle&_iniciativas_legislatura=XII&_iniciativas_id=152/000002
28/2/2019,Dictámenes de Comisiones de Investigación.,Dictamen de la Comisión de Investigación sobre la crisis financiera de España y el programa de asistencia financiera.,"Rivera Andrés, Irene",GCs,No,6,313,21,10,https://www.congreso.es/es/busqueda-de-iniciativas?p_p_id=iniciativas&p_p_lifecycle=0&p_p_state=normal&p_p_mode=view&_iniciativas_mode=mostrarDetalle&_iniciativas_legislatura=XII&_iniciativas_id=152/000002
28/2/2019,Dictámenes de Comisiones de Investigación.,Dictamen de la Comisión de Investigación sobre la crisis financiera de España y el programa de asistencia financiera.,"Rodríguez García, Isabel",GS,No,6,313,21,10,https://www.congreso.es/es/busqueda-de-iniciativas?p_p_id=iniciativas&p_p_lifecycle=0&p_p_state=normal&p_p_mode=view&_iniciativas_mode=mostrarDetalle&_iniciativas_legislatura=XII&_iniciativas_id=152/000002
28/2/2019,Dictámenes de Comisiones de Investigación.,Dictamen de la Comisión de Investigación sobre la crisis financiera de España y el programa de asistencia financiera.,"Alonso Cantorné, Félix",GCUP-EC-EM,No,6,313,21,10,https://www.congreso.es/es/busqueda-de-iniciativas?p_p_id=iniciativas&p_p_lifecycle=0&p_p_state=normal&p_p_mode=view&_iniciativas_mode=mostrarDetalle&_iniciativas_legislatura=XII&_iniciativas_id=152/000002
28/2/2019,Dictámenes de Comisiones de Investigación.,Dictamen de la Comisión de Investigación sobre la crisis financiera de España y el programa de asistencia financiera.,"Díaz Pérez, Yolanda",GCUP-EC-EM,No,6,313,21,10,https://www.congreso.es/es/busqueda-de-iniciativas?p_p_id=iniciativas&p_p_lifecycle=0&p_p_state=normal&p_p_mode=view&_iniciativas_mode=mostrarDetalle&_iniciativas_legislatura=XII&_iniciativas_id=152/000002
28/2/2019,Dictámenes de Comisiones de Investigación.,Dictamen de la Comisión de Investigación sobre la crisis financiera de España y el programa de asistencia financiera.,"Farré Fidalgo, Sònia",GCUP-EC-EM,No,6,313,21,10,https://www.congreso.es/es/busqueda-de-iniciativas?p_p_id=iniciativas&p_p_lifecycle=0&p_p_state=normal&p_p_mode=view&_iniciativas_mode=mostrarDetalle&_iniciativas_legislatura=XII&_iniciativas_id=152/000002
28/2/2019,Dictámenes de Comisiones de Investigación.,Dictamen de la Comisión de Investigación sobre la crisis financiera de España y el programa de asistencia financiera.,"Vendrell Gardeñes, Josep",GCUP-EC-EM,No,6,313,21,10,https://www.congreso.es/es/busqueda-de-iniciativas?p_p_id=iniciativas&p_p_lifecycle=0&p_p_state=normal&p_p_mode=view&_iniciativas_mode=mostrarDetalle&_iniciativas_legislatura=XII&_iniciativas_id=152/000002
28/2/2019,Dictámenes de Comisiones de Investigación.,Dictamen de la Comisión de Investigación sobre la crisis financiera de España y el programa de asistencia financiera.,"Perea i Conillas, María Mercè",GS,No,6,313,21,10,https://www.congreso.es/es/busqueda-de-iniciativas?p_p_id=iniciativas&p_p_lifecycle=0&p_p_state=normal&p_p_mode=view&_iniciativas_mode=mostrarDetalle&_iniciativas_legislatura=XII&_iniciativas_id=152/000002
28/2/2019,Dictámenes de Comisiones de Investigación.,Dictamen de la Comisión de Investigación sobre la crisis financiera de España y el programa de asistencia financiera.,"Mena Arca, Joan",GCUP-EC-EM,No,6,313,21,10,https://www.congreso.es/es/busqueda-de-iniciativas?p_p_id=iniciativas&p_p_lifecycle=0&p_p_state=normal&p_p_mode=view&_iniciativas_mode=mostrarDetalle&_iniciativas_legislatura=XII&_iniciativas_id=152/000002
28/2/2019,Dictámenes de Comisiones de Investigación.,Dictamen de la Comisión de Investigación sobre la crisis financiera de España y el programa de asistencia financiera.,"Chiquillo Barber, José María",GP,No,6,313,21,10,https://www.congreso.es/es/busqueda-de-iniciativas?p_p_id=iniciativas&p_p_lifecycle=0&p_p_state=normal&p_p_mode=view&_iniciativas_mode=mostrarDetalle&_iniciativas_legislatura=XII&_iniciativas_id=152/000002
28/2/2019,Dictámenes de Comisiones de Investigación.,Dictamen de la Comisión de Investigación sobre la crisis financiera de España y el programa de asistencia financiera.,"Albaladejo Martínez, Joaquín",GP,No,6,313,21,10,https://www.congreso.es/es/busqueda-de-iniciativas?p_p_id=iniciativas&p_p_lifecycle=0&p_p_state=normal&p_p_mode=view&_iniciativas_mode=mostrarDetalle&_iniciativas_legislatura=XII&_iniciativas_id=152/000002
28/2/2019,Dictámenes de Comisiones de Investigación.,Dictamen de la Comisión de Investigación sobre la crisis financiera de España y el programa de asistencia financiera.,"Vidal Sáez, Aina",GCUP-EC-EM,No,6,313,21,10,https://www.congreso.es/es/busqueda-de-iniciativas?p_p_id=iniciativas&p_p_lifecycle=0&p_p_state=normal&p_p_mode=view&_iniciativas_mode=mostrarDetalle&_iniciativas_legislatura=XII&_iniciativas_id=152/000002
28/2/2019,Dictámenes de Comisiones de Investigación.,Dictamen de la Comisión de Investigación sobre la crisis financiera de España y el programa de asistencia financiera.,"Mayoral Perales, Rafael",GCUP-EC-EM,No,6,313,21,10,https://www.congreso.es/es/busqueda-de-iniciativas?p_p_id=iniciativas&p_p_lifecycle=0&p_p_state=normal&p_p_mode=view&_iniciativas_mode=mostrarDetalle&_iniciativas_legislatura=XII&_iniciativas_id=152/000002
28/2/2019,Dictámenes de Comisiones de Investigación.,Dictamen de la Comisión de Investigación sobre la crisis financiera de España y el programa de asistencia financiera.,"Bescansa Hernández, Carolina",GCUP-EC-EM,No,6,313,21,10,https://www.congreso.es/es/busqueda-de-iniciativas?p_p_id=iniciativas&p_p_lifecycle=0&p_p_state=normal&p_p_mode=view&_iniciativas_mode=mostrarDetalle&_iniciativas_legislatura=XII&_iniciativas_id=152/000002
28/2/2019,Dictámenes de Comisiones de Investigación.,Dictamen de la Comisión de Investigación sobre la crisis financiera de España y el programa de asistencia financiera.,"Hernando Vera, Antonio",GS,No,6,313,21,10,https://www.congreso.es/es/busqueda-de-iniciativas?p_p_id=iniciativas&p_p_lifecycle=0&p_p_state=normal&p_p_mode=view&_iniciativas_mode=mostrarDetalle&_iniciativas_legislatura=XII&_iniciativas_id=152/000002
28/2/2019,Dictámenes de Comisiones de Investigación.,Dictamen de la Comisión de Investigación sobre la crisis financiera de España y el programa de asistencia financiera.,"Lamuà Estañol, Marc",GS,No,6,313,21,10,https://www.congreso.es/es/busqueda-de-iniciativas?p_p_id=iniciativas&p_p_lifecycle=0&p_p_state=normal&p_p_mode=view&_iniciativas_mode=mostrarDetalle&_iniciativas_legislatura=XII&_iniciativas_id=152/000002
28/2/2019,Dictámenes de Comisiones de Investigación.,Dictamen de la Comisión de Investigación sobre la crisis financiera de España y el programa de asistencia financiera.,"Ruiz i Carbonell, Joan",GS,No,6,313,21,10,https://www.congreso.es/es/busqueda-de-iniciativas?p_p_id=iniciativas&p_p_lifecycle=0&p_p_state=normal&p_p_mode=view&_iniciativas_mode=mostrarDetalle&_iniciativas_legislatura=XII&_iniciativas_id=152/000002
28/2/2019,Dictámenes de Comisiones de Investigación.,Dictamen de la Comisión de Investigación sobre la crisis financiera de España y el programa de asistencia financiera.,"Cruz Rodríguez, Manuel",GS,No,6,313,21,10,https://www.congreso.es/es/busqueda-de-iniciativas?p_p_id=iniciativas&p_p_lifecycle=0&p_p_state=normal&p_p_mode=view&_iniciativas_mode=mostrarDetalle&_iniciativas_legislatura=XII&_iniciativas_id=152/000002
28/2/2019,Dictámenes de Comisiones de Investigación.,Dictamen de la Comisión de Investigación sobre la crisis financiera de España y el programa de asistencia financiera.,"Zaragoza Alonso, José",GS,No,6,313,21,10,https://www.congreso.es/es/busqueda-de-iniciativas?p_p_id=iniciativas&p_p_lifecycle=0&p_p_state=normal&p_p_mode=view&_iniciativas_mode=mostrarDetalle&_iniciativas_legislatura=XII&_iniciativas_id=152/000002
28/2/2019,Dictámenes de Comisiones de Investigación.,Dictamen de la Comisión de Investigación sobre la crisis financiera de España y el programa de asistencia financiera.,"Guinart Moreno, Lídia",GS,No,6,313,21,10,https://www.congreso.es/es/busqueda-de-iniciativas?p_p_id=iniciativas&p_p_lifecycle=0&p_p_state=normal&p_p_mode=view&_iniciativas_mode=mostrarDetalle&_iniciativas_legislatura=XII&_iniciativas_id=152/000002
28/2/2019,Dictámenes de Comisiones de Investigación.,Dictamen de la Comisión de Investigación sobre la crisis financiera de España y el programa de asistencia financiera.,"García Puig, María del Mar",GCUP-EC-EM,No,6,313,21,10,https://www.congreso.es/es/busqueda-de-iniciativas?p_p_id=iniciativas&p_p_lifecycle=0&p_p_state=normal&p_p_mode=view&_iniciativas_mode=mostrarDetalle&_iniciativas_legislatura=XII&_iniciativas_id=152/000002
28/2/2019,Dictámenes de Comisiones de Investigación.,Dictamen de la Comisión de Investigación sobre la crisis financiera de España y el programa de asistencia financiera.,"Viejo Viñas, Raimundo",GCUP-EC-EM,No,6,313,21,10,https://www.congreso.es/es/busqueda-de-iniciativas?p_p_id=iniciativas&p_p_lifecycle=0&p_p_state=normal&p_p_mode=view&_iniciativas_mode=mostrarDetalle&_iniciativas_legislatura=XII&_iniciativas_id=152/000002
28/2/2019,Dictámenes de Comisiones de Investigación.,Dictamen de la Comisión de Investigación sobre la crisis financiera de España y el programa de asistencia financiera.,"Moya Matas, Jaume",GCUP-EC-EM,No,6,313,21,10,https://www.congreso.es/es/busqueda-de-iniciativas?p_p_id=iniciativas&p_p_lifecycle=0&p_p_state=normal&p_p_mode=view&_iniciativas_mode=mostrarDetalle&_iniciativas_legislatura=XII&_iniciativas_id=152/000002
28/2/2019,Dictámenes de Comisiones de Investigación.,Dictamen de la Comisión de Investigación sobre la crisis financiera de España y el programa de asistencia financiera.,"Sibina Camps, Marta",GCUP-EC-EM,No,6,313,21,10,https://www.congreso.es/es/busqueda-de-iniciativas?p_p_id=iniciativas&p_p_lifecycle=0&p_p_state=normal&p_p_mode=view&_iniciativas_mode=mostrarDetalle&_iniciativas_legislatura=XII&_iniciativas_id=152/000002
28/2/2019,Dictámenes de Comisiones de Investigación.,Dictamen de la Comisión de Investigación sobre la crisis financiera de España y el programa de asistencia financiera.,"Martín González, Lucía",GCUP-EC-EM,No,6,313,21,10,https://www.congreso.es/es/busqueda-de-iniciativas?p_p_id=iniciativas&p_p_lifecycle=0&p_p_state=normal&p_p_mode=view&_iniciativas_mode=mostrarDetalle&_iniciativas_legislatura=XII&_iniciativas_id=152/000002
28/2/2019,Dictámenes de Comisiones de Investigación.,Dictamen de la Comisión de Investigación sobre la crisis financiera de España y el programa de asistencia financiera.,"Cancela Rodríguez, Pilar",GS,No,6,313,21,10,https://www.congreso.es/es/busqueda-de-iniciativas?p_p_id=iniciativas&p_p_lifecycle=0&p_p_state=normal&p_p_mode=view&_iniciativas_mode=mostrarDetalle&_iniciativas_legislatura=XII&_iniciativas_id=152/000002
28/2/2019,Dictámenes de Comisiones de Investigación.,Dictamen de la Comisión de Investigación sobre la crisis financiera de España y el programa de asistencia financiera.,"Sánchez Melero, Tania",GCUP-EC-EM,No,6,313,21,10,https://www.congreso.es/es/busqueda-de-iniciativas?p_p_id=iniciativas&p_p_lifecycle=0&p_p_state=normal&p_p_mode=view&_iniciativas_mode=mostrarDetalle&_iniciativas_legislatura=XII&_iniciativas_id=152/000002
28/2/2019,Dictámenes de Comisiones de Investigación.,Dictamen de la Comisión de Investigación sobre la crisis financiera de España y el programa de asistencia financiera.,"Díaz Trillo, José Juan",GS,No,6,313,21,10,https://www.congreso.es/es/busqueda-de-iniciativas?p_p_id=iniciativas&p_p_lifecycle=0&p_p_state=normal&p_p_mode=view&_iniciativas_mode=mostrarDetalle&_iniciativas_legislatura=XII&_iniciativas_id=152/000002
28/2/2019,Dictámenes de Comisiones de Investigación.,Dictamen de la Comisión de Investigación sobre la crisis financiera de España y el programa de asistencia financiera.,"Fernández Castañón, Sofía",GCUP-EC-EM,No,6,313,21,10,https://www.congreso.es/es/busqueda-de-iniciativas?p_p_id=iniciativas&p_p_lifecycle=0&p_p_state=normal&p_p_mode=view&_iniciativas_mode=mostrarDetalle&_iniciativas_legislatura=XII&_iniciativas_id=152/000002
28/2/2019,Dictámenes de Comisiones de Investigación.,Dictamen de la Comisión de Investigación sobre la crisis financiera de España y el programa de asistencia financiera.,"Faba de la Encarnación, Elena",GCs,No,6,313,21,10,https://www.congreso.es/es/busqueda-de-iniciativas?p_p_id=iniciativas&p_p_lifecycle=0&p_p_state=normal&p_p_mode=view&_iniciativas_mode=mostrarDetalle&_iniciativas_legislatura=XII&_iniciativas_id=152/000002
28/2/2019,Dictámenes de Comisiones de Investigación.,Dictamen de la Comisión de Investigación sobre la crisis financiera de España y el programa de asistencia financiera.,"Alconchel Gonzaga, Miriam",GS,No,6,313,21,10,https://www.congreso.es/es/busqueda-de-iniciativas?p_p_id=iniciativas&p_p_lifecycle=0&p_p_state=normal&p_p_mode=view&_iniciativas_mode=mostrarDetalle&_iniciativas_legislatura=XII&_iniciativas_id=152/000002
28/2/2019,Dictámenes de Comisiones de Investigación.,Dictamen de la Comisión de Investigación sobre la crisis financiera de España y el programa de asistencia financiera.,"De Frutos Madrazo, María del Rocío",GS,No,6,313,21,10,https://www.congreso.es/es/busqueda-de-iniciativas?p_p_id=iniciativas&p_p_lifecycle=0&p_p_state=normal&p_p_mode=view&_iniciativas_mode=mostrarDetalle&_iniciativas_legislatura=XII&_iniciativas_id=152/000002
28/2/2019,Dictámenes de Comisiones de Investigación.,Dictamen de la Comisión de Investigación sobre la crisis financiera de España y el programa de asistencia financiera.,"Cámara Villar, Gregorio",GS,No,6,313,21,10,https://www.congreso.es/es/busqueda-de-iniciativas?p_p_id=iniciativas&p_p_lifecycle=0&p_p_state=normal&p_p_mode=view&_iniciativas_mode=mostrarDetalle&_iniciativas_legislatura=XII&_iniciativas_id=152/000002
28/2/2019,Dictámenes de Comisiones de Investigación.,Dictamen de la Comisión de Investigación sobre la crisis financiera de España y el programa de asistencia financiera.,"Alonso Clusa, Rosa Ana",GCUP-EC-EM,No,6,313,21,10,https://www.congreso.es/es/busqueda-de-iniciativas?p_p_id=iniciativas&p_p_lifecycle=0&p_p_state=normal&p_p_mode=view&_iniciativas_mode=mostrarDetalle&_iniciativas_legislatura=XII&_iniciativas_id=152/000002
28/2/2019,Dictámenes de Comisiones de Investigación.,Dictamen de la Comisión de Investigación sobre la crisis financiera de España y el programa de asistencia financiera.,"Romero Hernández, Carmelo",GP,No,6,313,21,10,https://www.congreso.es/es/busqueda-de-iniciativas?p_p_id=iniciativas&p_p_lifecycle=0&p_p_state=normal&p_p_mode=view&_iniciativas_mode=mostrarDetalle&_iniciativas_legislatura=XII&_iniciativas_id=152/000002
28/2/2019,Dictámenes de Comisiones de Investigación.,Dictamen de la Comisión de Investigación sobre la crisis financiera de España y el programa de asistencia financiera.,"García Cañal, José Ramón",GP,No,6,313,21,10,https://www.congreso.es/es/busqueda-de-iniciativas?p_p_id=iniciativas&p_p_lifecycle=0&p_p_state=normal&p_p_mode=view&_iniciativas_mode=mostrarDetalle&_iniciativas_legislatura=XII&_iniciativas_id=152/000002
28/2/2019,Dictámenes de Comisiones de Investigación.,Dictamen de la Comisión de Investigación sobre la crisis financiera de España y el programa de asistencia financiera.,"Martínez Vázquez, Francisco",GP,No,6,313,21,10,https://www.congreso.es/es/busqueda-de-iniciativas?p_p_id=iniciativas&p_p_lifecycle=0&p_p_state=normal&p_p_mode=view&_iniciativas_mode=mostrarDetalle&_iniciativas_legislatura=XII&_iniciativas_id=152/000002
28/2/2019,Dictámenes de Comisiones de Investigación.,Dictamen de la Comisión de Investigación sobre la crisis financiera de España y el programa de asistencia financiera.,"Rallo Lombarte, Artemi",GS,No,6,313,21,10,https://www.congreso.es/es/busqueda-de-iniciativas?p_p_id=iniciativas&p_p_lifecycle=0&p_p_state=normal&p_p_mode=view&_iniciativas_mode=mostrarDetalle&_iniciativas_legislatura=XII&_iniciativas_id=152/000002
28/2/2019,Dictámenes de Comisiones de Investigación.,Dictamen de la Comisión de Investigación sobre la crisis financiera de España y el programa de asistencia financiera.,"Lastra Fernández, Adriana",GS,No,6,313,21,10,https://www.congreso.es/es/busqueda-de-iniciativas?p_p_id=iniciativas&p_p_lifecycle=0&p_p_state=normal&p_p_mode=view&_iniciativas_mode=mostrarDetalle&_iniciativas_legislatura=XII&_iniciativas_id=152/000002
28/2/2019,Dictámenes de Comisiones de Investigación.,Dictamen de la Comisión de Investigación sobre la crisis financiera de España y el programa de asistencia financiera.,"Ayllón Manso, José Luis",GP,No,6,313,21,10,https://www.congreso.es/es/busqueda-de-iniciativas?p_p_id=iniciativas&p_p_lifecycle=0&p_p_state=normal&p_p_mode=view&_iniciativas_mode=mostrarDetalle&_iniciativas_legislatura=XII&_iniciativas_id=152/000002
28/2/2019,Dictámenes de Comisiones de Investigación.,Dictamen de la Comisión de Investigación sobre la crisis financiera de España y el programa de asistencia financiera.,"Nadal Belda, Álvaro María",GP,No,6,313,21,10,https://www.congreso.es/es/busqueda-de-iniciativas?p_p_id=iniciativas&p_p_lifecycle=0&p_p_state=normal&p_p_mode=view&_iniciativas_mode=mostrarDetalle&_iniciativas_legislatura=XII&_iniciativas_id=152/000002
28/2/2019,Dictámenes de Comisiones de Investigación.,Dictamen de la Comisión de Investigación sobre la crisis financiera de España y el programa de asistencia financiera.,"Flórez Rodríguez, María Aurora",GS,No,6,313,21,10,https://www.congreso.es/es/busqueda-de-iniciativas?p_p_id=iniciativas&p_p_lifecycle=0&p_p_state=normal&p_p_mode=view&_iniciativas_mode=mostrarDetalle&_iniciativas_legislatura=XII&_iniciativas_id=152/000002
28/2/2019,Dictámenes de Comisiones de Investigación.,Dictamen de la Comisión de Investigación sobre la crisis financiera de España y el programa de asistencia financiera.,"Gamazo Micó, Óscar",GP,No,6,313,21,10,https://www.congreso.es/es/busqueda-de-iniciativas?p_p_id=iniciativas&p_p_lifecycle=0&p_p_state=normal&p_p_mode=view&_iniciativas_mode=mostrarDetalle&_iniciativas_legislatura=XII&_iniciativas_id=152/000002
28/2/2019,Dictámenes de Comisiones de Investigación.,Dictamen de la Comisión de Investigación sobre la crisis financiera de España y el programa de asistencia financiera.,"Cantó García del Moral, Antonio",GCs,No,6,313,21,10,https://www.congreso.es/es/busqueda-de-iniciativas?p_p_id=iniciativas&p_p_lifecycle=0&p_p_state=normal&p_p_mode=view&_iniciativas_mode=mostrarDetalle&_iniciativas_legislatura=XII&_iniciativas_id=152/000002
28/2/2019,Dictámenes de Comisiones de Investigación.,Dictamen de la Comisión de Investigación sobre la crisis financiera de España y el programa de asistencia financiera.,"Del Campo Estaún, Sergio",GCs,No,6,313,21,10,https://www.congreso.es/es/busqueda-de-iniciativas?p_p_id=iniciativas&p_p_lifecycle=0&p_p_state=normal&p_p_mode=view&_iniciativas_mode=mostrarDetalle&_iniciativas_legislatura=XII&_iniciativas_id=152/000002
28/2/2019,Dictámenes de Comisiones de Investigación.,Dictamen de la Comisión de Investigación sobre la crisis financiera de España y el programa de asistencia financiera.,"Lorenzo Torres, Miguel",GP,No,6,313,21,10,https://www.congreso.es/es/busqueda-de-iniciativas?p_p_id=iniciativas&p_p_lifecycle=0&p_p_state=normal&p_p_mode=view&_iniciativas_mode=mostrarDetalle&_iniciativas_legislatura=XII&_iniciativas_id=152/000002
28/2/2019,Dictámenes de Comisiones de Investigación.,Dictamen de la Comisión de Investigación sobre la crisis financiera de España y el programa de asistencia financiera.,"Angulo Romero, María Teresa",GP,No,6,313,21,10,https://www.congreso.es/es/busqueda-de-iniciativas?p_p_id=iniciativas&p_p_lifecycle=0&p_p_state=normal&p_p_mode=view&_iniciativas_mode=mostrarDetalle&_iniciativas_legislatura=XII&_iniciativas_id=152/000002
28/2/2019,Dictámenes de Comisiones de Investigación.,Dictamen de la Comisión de Investigación sobre la crisis financiera de España y el programa de asistencia financiera.,"Martínez Seijo, María Luz",GS,No,6,313,21,10,https://www.congreso.es/es/busqueda-de-iniciativas?p_p_id=iniciativas&p_p_lifecycle=0&p_p_state=normal&p_p_mode=view&_iniciativas_mode=mostrarDetalle&_iniciativas_legislatura=XII&_iniciativas_id=152/000002
28/2/2019,Dictámenes de Comisiones de Investigación.,Dictamen de la Comisión de Investigación sobre la crisis financiera de España y el programa de asistencia financiera.,"Arévalo Caraballo, María Teresa",GCUP-EC-EM,No,6,313,21,10,https://www.congreso.es/es/busqueda-de-iniciativas?p_p_id=iniciativas&p_p_lifecycle=0&p_p_state=normal&p_p_mode=view&_iniciativas_mode=mostrarDetalle&_iniciativas_legislatura=XII&_iniciativas_id=152/000002
28/2/2019,Dictámenes de Comisiones de Investigación.,Dictamen de la Comisión de Investigación sobre la crisis financiera de España y el programa de asistencia financiera.,"Moraleja Gómez, Tristana María",GP,No,6,313,21,10,https://www.congreso.es/es/busqueda-de-iniciativas?p_p_id=iniciativas&p_p_lifecycle=0&p_p_state=normal&p_p_mode=view&_iniciativas_mode=mostrarDetalle&_iniciativas_legislatura=XII&_iniciativas_id=152/000002
28/2/2019,Dictámenes de Comisiones de Investigación.,Dictamen de la Comisión de Investigación sobre la crisis financiera de España y el programa de asistencia financiera.,"Prendes Prendes, José Ignacio",GCs,No,6,313,21,10,https://www.congreso.es/es/busqueda-de-iniciativas?p_p_id=iniciativas&p_p_lifecycle=0&p_p_state=normal&p_p_mode=view&_iniciativas_mode=mostrarDetalle&_iniciativas_legislatura=XII&_iniciativas_id=152/000002
28/2/2019,Dictámenes de Comisiones de Investigación.,Dictamen de la Comisión de Investigación sobre la crisis financiera de España y el programa de asistencia financiera.,"Pons Sampietro, Pere Joan",GS,No,6,313,21,10,https://www.congreso.es/es/busqueda-de-iniciativas?p_p_id=iniciativas&p_p_lifecycle=0&p_p_state=normal&p_p_mode=view&_iniciativas_mode=mostrarDetalle&_iniciativas_legislatura=XII&_iniciativas_id=152/000002
28/2/2019,Dictámenes de Comisiones de Investigación.,Dictamen de la Comisión de Investigación sobre la crisis financiera de España y el programa de asistencia financiera.,"Hernanz Costa, Sofía",GS,No,6,313,21,10,https://www.congreso.es/es/busqueda-de-iniciativas?p_p_id=iniciativas&p_p_lifecycle=0&p_p_state=normal&p_p_mode=view&_iniciativas_mode=mostrarDetalle&_iniciativas_legislatura=XII&_iniciativas_id=152/000002
28/2/2019,Dictámenes de Comisiones de Investigación.,Dictamen de la Comisión de Investigación sobre la crisis financiera de España y el programa de asistencia financiera.,"Rodríguez Hernández, Juana Amalia",GS,No,6,313,21,10,https://www.congreso.es/es/busqueda-de-iniciativas?p_p_id=iniciativas&p_p_lifecycle=0&p_p_state=normal&p_p_mode=view&_iniciativas_mode=mostrarDetalle&_iniciativas_legislatura=XII&_iniciativas_id=152/000002
28/2/2019,Dictámenes de Comisiones de Investigación.,Dictamen de la Comisión de Investigación sobre la crisis financiera de España y el programa de asistencia financiera.,"Rojas García, Carlos",GP,No,6,313,21,10,https://www.congreso.es/es/busqueda-de-iniciativas?p_p_id=iniciativas&p_p_lifecycle=0&p_p_state=normal&p_p_mode=view&_iniciativas_mode=mostrarDetalle&_iniciativas_legislatura=XII&_iniciativas_id=152/000002
28/2/2019,Dictámenes de Comisiones de Investigación.,Dictamen de la Comisión de Investigación sobre la crisis financiera de España y el programa de asistencia financiera.,"Bustinduy Amador, Pablo",GCUP-EC-EM,No,6,313,21,10,https://www.congreso.es/es/busqueda-de-iniciativas?p_p_id=iniciativas&p_p_lifecycle=0&p_p_state=normal&p_p_mode=view&_iniciativas_mode=mostrarDetalle&_iniciativas_legislatura=XII&_iniciativas_id=152/000002
28/2/2019,Dictámenes de Comisiones de Investigación.,Dictamen de la Comisión de Investigación sobre la crisis financiera de España y el programa de asistencia financiera.,"Bermúdez de Castro Fernández, José Antonio",GP,No,6,313,21,10,https://www.congreso.es/es/busqueda-de-iniciativas?p_p_id=iniciativas&p_p_lifecycle=0&p_p_state=normal&p_p_mode=view&_iniciativas_mode=mostrarDetalle&_iniciativas_legislatura=XII&_iniciativas_id=152/000002
28/2/2019,Dictámenes de Comisiones de Investigación.,Dictamen de la Comisión de Investigación sobre la crisis financiera de España y el programa de asistencia financiera.,"Sumelzo Jordán, Susana",GS,No,6,313,21,10,https://www.congreso.es/es/busqueda-de-iniciativas?p_p_id=iniciativas&p_p_lifecycle=0&p_p_state=normal&p_p_mode=view&_iniciativas_mode=mostrarDetalle&_iniciativas_legislatura=XII&_iniciativas_id=152/000002
28/2/2019,Dictámenes de Comisiones de Investigación.,Dictamen de la Comisión de Investigación sobre la crisis financiera de España y el programa de asistencia financiera.,"Moneo Díez, María Sandra",GP,No,6,313,21,10,https://www.congreso.es/es/busqueda-de-iniciativas?p_p_id=iniciativas&p_p_lifecycle=0&p_p_state=normal&p_p_mode=view&_iniciativas_mode=mostrarDetalle&_iniciativas_legislatura=XII&_iniciativas_id=152/000002
28/2/2019,Dictámenes de Comisiones de Investigación.,Dictamen de la Comisión de Investigación sobre la crisis financiera de España y el programa de asistencia financiera.,"Guijarro García, Txema",GCUP-EC-EM,No,6,313,21,10,https://www.congreso.es/es/busqueda-de-iniciativas?p_p_id=iniciativas&p_p_lifecycle=0&p_p_state=normal&p_p_mode=view&_iniciativas_mode=mostrarDetalle&_iniciativas_legislatura=XII&_iniciativas_id=152/000002
28/2/2019,Dictámenes de Comisiones de Investigación.,Dictamen de la Comisión de Investigación sobre la crisis financiera de España y el programa de asistencia financiera.,"García Tejerina, Isabel",GP,No,6,313,21,10,https://www.congreso.es/es/busqueda-de-iniciativas?p_p_id=iniciativas&p_p_lifecycle=0&p_p_state=normal&p_p_mode=view&_iniciativas_mode=mostrarDetalle&_iniciativas_legislatura=XII&_iniciativas_id=152/000002
28/2/2019,Dictámenes de Comisiones de Investigación.,Dictamen de la Comisión de Investigación sobre la crisis financiera de España y el programa de asistencia financiera.,"Báñez García, María Fátima",GP,No,6,313,21,10,https://www.congreso.es/es/busqueda-de-iniciativas?p_p_id=iniciativas&p_p_lifecycle=0&p_p_state=normal&p_p_mode=view&_iniciativas_mode=mostrarDetalle&_iniciativas_legislatura=XII&_iniciativas_id=152/000002
28/2/2019,Dictámenes de Comisiones de Investigación.,Dictamen de la Comisión de Investigación sobre la crisis financiera de España y el programa de asistencia financiera.,"Carracedo Verde, José David",GCUP-EC-EM,No,6,313,21,10,https://www.congreso.es/es/busqueda-de-iniciativas?p_p_id=iniciativas&p_p_lifecycle=0&p_p_state=normal&p_p_mode=view&_iniciativas_mode=mostrarDetalle&_iniciativas_legislatura=XII&_iniciativas_id=152/000002
28/2/2019,Dictámenes de Comisiones de Investigación.,Dictamen de la Comisión de Investigación sobre la crisis financiera de España y el programa de asistencia financiera.,"Mariscal Anaya, Guillermo",GP,No,6,313,21,10,https://www.congreso.es/es/busqueda-de-iniciativas?p_p_id=iniciativas&p_p_lifecycle=0&p_p_state=normal&p_p_mode=view&_iniciativas_mode=mostrarDetalle&_iniciativas_legislatura=XII&_iniciativas_id=152/000002
28/2/2019,Dictámenes de Comisiones de Investigación.,Dictamen de la Comisión de Investigación sobre la crisis financiera de España y el programa de asistencia financiera.,"Aguirre Rodríguez, Ramón",GP,No,6,313,21,10,https://www.congreso.es/es/busqueda-de-iniciativas?p_p_id=iniciativas&p_p_lifecycle=0&p_p_state=normal&p_p_mode=view&_iniciativas_mode=mostrarDetalle&_iniciativas_legislatura=XII&_iniciativas_id=152/000002
28/2/2019,Dictámenes de Comisiones de Investigación.,Dictamen de la Comisión de Investigación sobre la crisis financiera de España y el programa de asistencia financiera.,"Palacín Guarné, Gonzalo",GS,No,6,313,21,10,https://www.congreso.es/es/busqueda-de-iniciativas?p_p_id=iniciativas&p_p_lifecycle=0&p_p_state=normal&p_p_mode=view&_iniciativas_mode=mostrarDetalle&_iniciativas_legislatura=XII&_iniciativas_id=152/000002
28/2/2019,Dictámenes de Comisiones de Investigación.,Dictamen de la Comisión de Investigación sobre la crisis financiera de España y el programa de asistencia financiera.,"Raya Rodríguez, María Tamara",GS,No,6,313,21,10,https://www.congreso.es/es/busqueda-de-iniciativas?p_p_id=iniciativas&p_p_lifecycle=0&p_p_state=normal&p_p_mode=view&_iniciativas_mode=mostrarDetalle&_iniciativas_legislatura=XII&_iniciativas_id=152/000002
28/2/2019,Dictámenes de Comisiones de Investigación.,Dictamen de la Comisión de Investigación sobre la crisis financiera de España y el programa de asistencia financiera.,"Santos Itoiz, Eduardo",GCUP-EC-EM,No,6,313,21,10,https://www.congreso.es/es/busqueda-de-iniciativas?p_p_id=iniciativas&p_p_lifecycle=0&p_p_state=normal&p_p_mode=view&_iniciativas_mode=mostrarDetalle&_iniciativas_legislatura=XII&_iniciativas_id=152/000002
28/2/2019,Dictámenes de Comisiones de Investigación.,Dictamen de la Comisión de Investigación sobre la crisis financiera de España y el programa de asistencia financiera.,"García Díez, Joaquín María",GP,No,6,313,21,10,https://www.congreso.es/es/busqueda-de-iniciativas?p_p_id=iniciativas&p_p_lifecycle=0&p_p_state=normal&p_p_mode=view&_iniciativas_mode=mostrarDetalle&_iniciativas_legislatura=XII&_iniciativas_id=152/000002
28/2/2019,Dictámenes de Comisiones de Investigación.,Dictamen de la Comisión de Investigación sobre la crisis financiera de España y el programa de asistencia financiera.,"De la Concha García-Mauriño, María Asunción Jacoba Pía",GCUP-EC-EM,No,6,313,21,10,https://www.congreso.es/es/busqueda-de-iniciativas?p_p_id=iniciativas&p_p_lifecycle=0&p_p_state=normal&p_p_mode=view&_iniciativas_mode=mostrarDetalle&_iniciativas_legislatura=XII&_iniciativas_id=152/000002
28/2/2019,Dictámenes de Comisiones de Investigación.,Dictamen de la Comisión de Investigación sobre la crisis financiera de España y el programa de asistencia financiera.,"Galovart Carrera, María Dolores",GS,No,6,313,21,10,https://www.congreso.es/es/busqueda-de-iniciativas?p_p_id=iniciativas&p_p_lifecycle=0&p_p_state=normal&p_p_mode=view&_iniciativas_mode=mostrarDetalle&_iniciativas_legislatura=XII&_iniciativas_id=152/000002
28/2/2019,Dictámenes de Comisiones de Investigación.,Dictamen de la Comisión de Investigación sobre la crisis financiera de España y el programa de asistencia financiera.,"González García, Segundo",GCUP-EC-EM,No,6,313,21,10,https://www.congreso.es/es/busqueda-de-iniciativas?p_p_id=iniciativas&p_p_lifecycle=0&p_p_state=normal&p_p_mode=view&_iniciativas_mode=mostrarDetalle&_iniciativas_legislatura=XII&_iniciativas_id=152/000002
28/2/2019,Dictámenes de Comisiones de Investigación.,Dictamen de la Comisión de Investigación sobre la crisis financiera de España y el programa de asistencia financiera.,"Rodríguez Rodríguez, Alberto",GCUP-EC-EM,No,6,313,21,10,https://www.congreso.es/es/busqueda-de-iniciativas?p_p_id=iniciativas&p_p_lifecycle=0&p_p_state=normal&p_p_mode=view&_iniciativas_mode=mostrarDetalle&_iniciativas_legislatura=XII&_iniciativas_id=152/000002
28/2/2019,Dictámenes de Comisiones de Investigación.,Dictamen de la Comisión de Investigación sobre la crisis financiera de España y el programa de asistencia financiera.,"Carreño Valero, Sara",GCUP-EC-EM,No,6,313,21,10,https://www.congreso.es/es/busqueda-de-iniciativas?p_p_id=iniciativas&p_p_lifecycle=0&p_p_state=normal&p_p_mode=view&_iniciativas_mode=mostrarDetalle&_iniciativas_legislatura=XII&_iniciativas_id=152/000002
28/2/2019,Dictámenes de Comisiones de Investigación.,Dictamen de la Comisión de Investigación sobre la crisis financiera de España y el programa de asistencia financiera.,"Jiménez Tortosa, Juan",GS,No,6,313,21,10,https://www.congreso.es/es/busqueda-de-iniciativas?p_p_id=iniciativas&p_p_lifecycle=0&p_p_state=normal&p_p_mode=view&_iniciativas_mode=mostrarDetalle&_iniciativas_legislatura=XII&_iniciativas_id=152/000002
28/2/2019,Dictámenes de Comisiones de Investigación.,Dictamen de la Comisión de Investigación sobre la crisis financiera de España y el programa de asistencia financiera.,"Marcello Santos, Ana",GCUP-EC-EM,No,6,313,21,10,https://www.congreso.es/es/busqueda-de-iniciativas?p_p_id=iniciativas&p_p_lifecycle=0&p_p_state=normal&p_p_mode=view&_iniciativas_mode=mostrarDetalle&_iniciativas_legislatura=XII&_iniciativas_id=152/000002
28/2/2019,Dictámenes de Comisiones de Investigación.,Dictamen de la Comisión de Investigación sobre la crisis financiera de España y el programa de asistencia financiera.,"Girauta Vidal, Juan Carlos",GCs,No,6,313,21,10,https://www.congreso.es/es/busqueda-de-iniciativas?p_p_id=iniciativas&p_p_lifecycle=0&p_p_state=normal&p_p_mode=view&_iniciativas_mode=mostrarDetalle&_iniciativas_legislatura=XII&_iniciativas_id=152/000002
28/2/2019,Dictámenes de Comisiones de Investigación.,Dictamen de la Comisión de Investigación sobre la crisis financiera de España y el programa de asistencia financiera.,"Rodríguez Hernández, Melisa",GCs,No,6,313,21,10,https://www.congreso.es/es/busqueda-de-iniciativas?p_p_id=iniciativas&p_p_lifecycle=0&p_p_state=normal&p_p_mode=view&_iniciativas_mode=mostrarDetalle&_iniciativas_legislatura=XII&_iniciativas_id=152/000002
28/2/2019,Dictámenes de Comisiones de Investigación.,Dictamen de la Comisión de Investigación sobre la crisis financiera de España y el programa de asistencia financiera.,"Fernández Bello, Miguel Anxo",GCUP-EC-EM,No,6,313,21,10,https://www.congreso.es/es/busqueda-de-iniciativas?p_p_id=iniciativas&p_p_lifecycle=0&p_p_state=normal&p_p_mode=view&_iniciativas_mode=mostrarDetalle&_iniciativas_legislatura=XII&_iniciativas_id=152/000002
28/2/2019,Dictámenes de Comisiones de Investigación.,Dictamen de la Comisión de Investigación sobre la crisis financiera de España y el programa de asistencia financiera.,"Fernández Gómez, Alexandra",GCUP-EC-EM,No,6,313,21,10,https://www.congreso.es/es/busqueda-de-iniciativas?p_p_id=iniciativas&p_p_lifecycle=0&p_p_state=normal&p_p_mode=view&_iniciativas_mode=mostrarDetalle&_iniciativas_legislatura=XII&_iniciativas_id=152/000002
28/2/2019,Dictámenes de Comisiones de Investigación.,Dictamen de la Comisión de Investigación sobre la crisis financiera de España y el programa de asistencia financiera.,"Rodríguez Martínez, Ángela",GCUP-EC-EM,No,6,313,21,10,https://www.congreso.es/es/busqueda-de-iniciativas?p_p_id=iniciativas&p_p_lifecycle=0&p_p_state=normal&p_p_mode=view&_iniciativas_mode=mostrarDetalle&_iniciativas_legislatura=XII&_iniciativas_id=152/000002
28/2/2019,Dictámenes de Comisiones de Investigación.,Dictamen de la Comisión de Investigación sobre la crisis financiera de España y el programa de asistencia financiera.,"Gómez-Reino Varela, Antonio",GCUP-EC-EM,No,6,313,21,10,https://www.congreso.es/es/busqueda-de-iniciativas?p_p_id=iniciativas&p_p_lifecycle=0&p_p_state=normal&p_p_mode=view&_iniciativas_mode=mostrarDetalle&_iniciativas_legislatura=XII&_iniciativas_id=152/000002
28/2/2019,Dictámenes de Comisiones de Investigación.,Dictamen de la Comisión de Investigación sobre la crisis financiera de España y el programa de asistencia financiera.,"Císcar Casabán, Ciprià",GS,No,6,313,21,10,https://www.congreso.es/es/busqueda-de-iniciativas?p_p_id=iniciativas&p_p_lifecycle=0&p_p_state=normal&p_p_mode=view&_iniciativas_mode=mostrarDetalle&_iniciativas_legislatura=XII&_iniciativas_id=152/000002
28/2/2019,Dictámenes de Comisiones de Investigación.,Dictamen de la Comisión de Investigación sobre la crisis financiera de España y el programa de asistencia financiera.,"Píriz Maya, Víctor Valentín",GP,No,6,313,21,10,https://www.congreso.es/es/busqueda-de-iniciativas?p_p_id=iniciativas&p_p_lifecycle=0&p_p_state=normal&p_p_mode=view&_iniciativas_mode=mostrarDetalle&_iniciativas_legislatura=XII&_iniciativas_id=152/000002
28/2/2019,Dictámenes de Comisiones de Investigación.,Dictamen de la Comisión de Investigación sobre la crisis financiera de España y el programa de asistencia financiera.,"Cortés Lastra, Ricardo",GS,No,6,313,21,10,https://www.congreso.es/es/busqueda-de-iniciativas?p_p_id=iniciativas&p_p_lifecycle=0&p_p_state=normal&p_p_mode=view&_iniciativas_mode=mostrarDetalle&_iniciativas_legislatura=XII&_iniciativas_id=152/000002
28/2/2019,Dictámenes de Comisiones de Investigación.,Dictamen de la Comisión de Investigación sobre la crisis financiera de España y el programa de asistencia financiera.,"Julià Julià, María Sandra",GCs,No,6,313,21,10,https://www.congreso.es/es/busqueda-de-iniciativas?p_p_id=iniciativas&p_p_lifecycle=0&p_p_state=normal&p_p_mode=view&_iniciativas_mode=mostrarDetalle&_iniciativas_legislatura=XII&_iniciativas_id=152/000002
28/2/2019,Dictámenes de Comisiones de Investigación.,Dictamen de la Comisión de Investigación sobre la crisis financiera de España y el programa de asistencia financiera.,"Maroto Aranzábal, Javier",GP,No,6,313,21,10,https://www.congreso.es/es/busqueda-de-iniciativas?p_p_id=iniciativas&p_p_lifecycle=0&p_p_state=normal&p_p_mode=view&_iniciativas_mode=mostrarDetalle&_iniciativas_legislatura=XII&_iniciativas_id=152/000002
28/2/2019,Dictámenes de Comisiones de Investigación.,Dictamen de la Comisión de Investigación sobre la crisis financiera de España y el programa de asistencia financiera.,"Merchán Mesón, Carlota",GS,No,6,313,21,10,https://www.congreso.es/es/busqueda-de-iniciativas?p_p_id=iniciativas&p_p_lifecycle=0&p_p_state=normal&p_p_mode=view&_iniciativas_mode=mostrarDetalle&_iniciativas_legislatura=XII&_iniciativas_id=152/000002
28/2/2019,Dictámenes de Comisiones de Investigación.,Dictamen de la Comisión de Investigación sobre la crisis financiera de España y el programa de asistencia financiera.,"Fole Díaz, Tomás Javier",GP,No,6,313,21,10,https://www.congreso.es/es/busqueda-de-iniciativas?p_p_id=iniciativas&p_p_lifecycle=0&p_p_state=normal&p_p_mode=view&_iniciativas_mode=mostrarDetalle&_iniciativas_legislatura=XII&_iniciativas_id=152/000002
28/2/2019,Dictámenes de Comisiones de Investigación.,Dictamen de la Comisión de Investigación sobre la crisis financiera de España y el programa de asistencia financiera.,"Calvente Gallego, Javier",GP,No,6,313,21,10,https://www.congreso.es/es/busqueda-de-iniciativas?p_p_id=iniciativas&p_p_lifecycle=0&p_p_state=normal&p_p_mode=view&_iniciativas_mode=mostrarDetalle&_iniciativas_legislatura=XII&_iniciativas_id=152/000002
28/2/2019,Dictámenes de Comisiones de Investigación.,Dictamen de la Comisión de Investigación sobre la crisis financiera de España y el programa de asistencia financiera.,"Alberto Pérez, Celia",GP,No,6,313,21,10,https://www.congreso.es/es/busqueda-de-iniciativas?p_p_id=iniciativas&p_p_lifecycle=0&p_p_state=normal&p_p_mode=view&_iniciativas_mode=mostrarDetalle&_iniciativas_legislatura=XII&_iniciativas_id=152/000002
28/2/2019,Dictámenes de Comisiones de Investigación.,Dictamen de la Comisión de Investigación sobre la crisis financiera de España y el programa de asistencia financiera.,"Navarro Cruz, María del Carmen",GP,No,6,313,21,10,https://www.congreso.es/es/busqueda-de-iniciativas?p_p_id=iniciativas&p_p_lifecycle=0&p_p_state=normal&p_p_mode=view&_iniciativas_mode=mostrarDetalle&_iniciativas_legislatura=XII&_iniciativas_id=152/000002
28/2/2019,Dictámenes de Comisiones de Investigación.,Dictamen de la Comisión de Investigación sobre la crisis financiera de España y el programa de asistencia financiera.,"Alonso Hernández, Raquel",GP,No,6,313,21,10,https://www.congreso.es/es/busqueda-de-iniciativas?p_p_id=iniciativas&p_p_lifecycle=0&p_p_state=normal&p_p_mode=view&_iniciativas_mode=mostrarDetalle&_iniciativas_legislatura=XII&_iniciativas_id=152/000002
28/2/2019,Dictámenes de Comisiones de Investigación.,Dictamen de la Comisión de Investigación sobre la crisis financiera de España y el programa de asistencia financiera.,"Cabezas Regaño, Isabel",GP,No,6,313,21,10,https://www.congreso.es/es/busqueda-de-iniciativas?p_p_id=iniciativas&p_p_lifecycle=0&p_p_state=normal&p_p_mode=view&_iniciativas_mode=mostrarDetalle&_iniciativas_legislatura=XII&_iniciativas_id=152/000002
28/2/2019,Dictámenes de Comisiones de Investigación.,Dictamen de la Comisión de Investigación sobre la crisis financiera de España y el programa de asistencia financiera.,"Ruano García, Javier",GP,No,6,313,21,10,https://www.congreso.es/es/busqueda-de-iniciativas?p_p_id=iniciativas&p_p_lifecycle=0&p_p_state=normal&p_p_mode=view&_iniciativas_mode=mostrarDetalle&_iniciativas_legislatura=XII&_iniciativas_id=152/000002
28/2/2019,Dictámenes de Comisiones de Investigación.,Dictamen de la Comisión de Investigación sobre la crisis financiera de España y el programa de asistencia financiera.,"Movellán Lombilla, Diego",GP,No,6,313,21,10,https://www.congreso.es/es/busqueda-de-iniciativas?p_p_id=iniciativas&p_p_lifecycle=0&p_p_state=normal&p_p_mode=view&_iniciativas_mode=mostrarDetalle&_iniciativas_legislatura=XII&_iniciativas_id=152/000002
28/2/2019,Dictámenes de Comisiones de Investigación.,Dictamen de la Comisión de Investigación sobre la crisis financiera de España y el programa de asistencia financiera.,"Torres Tejada, María",GP,No,6,313,21,10,https://www.congreso.es/es/busqueda-de-iniciativas?p_p_id=iniciativas&p_p_lifecycle=0&p_p_state=normal&p_p_mode=view&_iniciativas_mode=mostrarDetalle&_iniciativas_legislatura=XII&_iniciativas_id=152/000002
28/2/2019,Dictámenes de Comisiones de Investigación.,Dictamen de la Comisión de Investigación sobre la crisis financiera de España y el programa de asistencia financiera.,"González Peláez, Natalia",GS,No,6,313,21,10,https://www.congreso.es/es/busqueda-de-iniciativas?p_p_id=iniciativas&p_p_lifecycle=0&p_p_state=normal&p_p_mode=view&_iniciativas_mode=mostrarDetalle&_iniciativas_legislatura=XII&_iniciativas_id=152/000002
28/2/2019,Dictámenes de Comisiones de Investigación.,Dictamen de la Comisión de Investigación sobre la crisis financiera de España y el programa de asistencia financiera.,"Serrano Martínez, José Enrique",GS,No,6,313,21,10,https://www.congreso.es/es/busqueda-de-iniciativas?p_p_id=iniciativas&p_p_lifecycle=0&p_p_state=normal&p_p_mode=view&_iniciativas_mode=mostrarDetalle&_iniciativas_legislatura=XII&_iniciativas_id=152/000002
28/2/2019,Dictámenes de Comisiones de Investigación.,Dictamen de la Comisión de Investigación sobre la crisis financiera de España y el programa de asistencia financiera.,"Marcos Domínguez, Pilar",GP,No,6,313,21,10,https://www.congreso.es/es/busqueda-de-iniciativas?p_p_id=iniciativas&p_p_lifecycle=0&p_p_state=normal&p_p_mode=view&_iniciativas_mode=mostrarDetalle&_iniciativas_legislatura=XII&_iniciativas_id=152/000002
28/2/2019,Dictámenes de Comisiones de Investigación.,Dictamen de la Comisión de Investigación sobre la crisis financiera de España y el programa de asistencia financiera.,"Bolarín Sánchez, María Dolores",GP,No,6,313,21,10,https://www.congreso.es/es/busqueda-de-iniciativas?p_p_id=iniciativas&p_p_lifecycle=0&p_p_state=normal&p_p_mode=view&_iniciativas_mode=mostrarDetalle&_iniciativas_legislatura=XII&_iniciativas_id=152/000002
28/2/2019,Dictámenes de Comisiones de Investigación.,Dictamen de la Comisión de Investigación sobre la crisis financiera de España y el programa de asistencia financiera.,"Campos Arteseros, Herick Manuel",GS,No,6,313,21,10,https://www.congreso.es/es/busqueda-de-iniciativas?p_p_id=iniciativas&p_p_lifecycle=0&p_p_state=normal&p_p_mode=view&_iniciativas_mode=mostrarDetalle&_iniciativas_legislatura=XII&_iniciativas_id=152/000002
28/2/2019,Dictámenes de Comisiones de Investigación.,Dictamen de la Comisión de Investigación sobre la crisis financiera de España y el programa de asistencia financiera.,"Esteller Ruedas, María Ángeles",GP,No,6,313,21,10,https://www.congreso.es/es/busqueda-de-iniciativas?p_p_id=iniciativas&p_p_lifecycle=0&p_p_state=normal&p_p_mode=view&_iniciativas_mode=mostrarDetalle&_iniciativas_legislatura=XII&_iniciativas_id=152/000002
28/2/2019,Dictámenes de Comisiones de Investigación.,Dictamen de la Comisión de Investigación sobre la crisis financiera de España y el programa de asistencia financiera.,"Ramos Jordán, Alicia",GCUP-EC-EM,No,6,313,21,10,https://www.congreso.es/es/busqueda-de-iniciativas?p_p_id=iniciativas&p_p_lifecycle=0&p_p_state=normal&p_p_mode=view&_iniciativas_mode=mostrarDetalle&_iniciativas_legislatura=XII&_iniciativas_id=152/000002
28/2/2019,Dictámenes de Comisiones de Investigación.,Dictamen de la Comisión de Investigación sobre la crisis financiera de España y el programa de asistencia financiera.,"Piquer Sancho, Alicia",GS,No,6,313,21,10,https://www.congreso.es/es/busqueda-de-iniciativas?p_p_id=iniciativas&p_p_lifecycle=0&p_p_state=normal&p_p_mode=view&_iniciativas_mode=mostrarDetalle&_iniciativas_legislatura=XII&_iniciativas_id=152/000002
28/2/2019,Dictámenes de Comisiones de Investigación.,Dictamen de la Comisión de Investigación sobre la crisis financiera de España y el programa de asistencia financiera.,"López Somoza, Gema",GS,No,6,313,21,10,https://www.congreso.es/es/busqueda-de-iniciativas?p_p_id=iniciativas&p_p_lifecycle=0&p_p_state=normal&p_p_mode=view&_iniciativas_mode=mostrarDetalle&_iniciativas_legislatura=XII&_iniciativas_id=152/000002
28/2/2019,Dictámenes de Comisiones de Investigación.,Dictamen de la Comisión de Investigación sobre la crisis financiera de España y el programa de asistencia financiera.,"Chaib Akhdim, Mohammed",GS,No,6,313,21,10,https://www.congreso.es/es/busqueda-de-iniciativas?p_p_id=iniciativas&p_p_lifecycle=0&p_p_state=normal&p_p_mode=view&_iniciativas_mode=mostrarDetalle&_iniciativas_legislatura=XII&_iniciativas_id=152/000002
28/2/2019,Dictámenes de Comisiones de Investigación.,Dictamen de la Comisión de Investigación sobre la crisis financiera de España y el programa de asistencia financiera.,"Martínez Ferro, María Valentina",GP,No,6,313,21,10,https://www.congreso.es/es/busqueda-de-iniciativas?p_p_id=iniciativas&p_p_lifecycle=0&p_p_state=normal&p_p_mode=view&_iniciativas_mode=mostrarDetalle&_iniciativas_legislatura=XII&_iniciativas_id=152/000002
28/2/2019,Dictámenes de Comisiones de Investigación.,Dictamen de la Comisión de Investigación sobre la crisis financiera de España y el programa de asistencia financiera.,"Quintana Martínez, Antonio",GS,No,6,313,21,10,https://www.congreso.es/es/busqueda-de-iniciativas?p_p_id=iniciativas&p_p_lifecycle=0&p_p_state=normal&p_p_mode=view&_iniciativas_mode=mostrarDetalle&_iniciativas_legislatura=XII&_iniciativas_id=152/000002
28/2/2019,Dictámenes de Comisiones de Investigación.,Dictamen de la Comisión de Investigación sobre la crisis financiera de España y el programa de asistencia financiera.,"Velasco Baides, Soledad Amada",GS,No,6,313,21,10,https://www.congreso.es/es/busqueda-de-iniciativas?p_p_id=iniciativas&p_p_lifecycle=0&p_p_state=normal&p_p_mode=view&_iniciativas_mode=mostrarDetalle&_iniciativas_legislatura=XII&_iniciativas_id=152/000002
28/2/2019,Dictámenes de Comisiones de Investigación.,Dictamen de la Comisión de Investigación sobre la crisis financiera de España y el programa de asistencia financiera.,"Torres Herrera, Manuel Luis",GP,No,6,313,21,10,https://www.congreso.es/es/busqueda-de-iniciativas?p_p_id=iniciativas&p_p_lifecycle=0&p_p_state=normal&p_p_mode=view&_iniciativas_mode=mostrarDetalle&_iniciativas_legislatura=XII&_iniciativas_id=152/000002
28/2/2019,Dictámenes de Comisiones de Investigación.,Dictamen de la Comisión de Investigación sobre la crisis financiera de España y el programa de asistencia financiera.,"Baños Ruiz, Carmen",GS,No,6,313,21,10,https://www.congreso.es/es/busqueda-de-iniciativas?p_p_id=iniciativas&p_p_lifecycle=0&p_p_state=normal&p_p_mode=view&_iniciativas_mode=mostrarDetalle&_iniciativas_legislatura=XII&_iniciativas_id=152/000002
28/2/2019,Dictámenes de Comisiones de Investigación.,Dictamen de la Comisión de Investigación sobre la crisis financiera de España y el programa de asistencia financiera.,"Sierra Rojas, Patricia",GS,No,6,313,21,10,https://www.congreso.es/es/busqueda-de-iniciativas?p_p_id=iniciativas&p_p_lifecycle=0&p_p_state=normal&p_p_mode=view&_iniciativas_mode=mostrarDetalle&_iniciativas_legislatura=XII&_iniciativas_id=152/000002
28/2/2019,Dictámenes de Comisiones de Investigación.,Dictamen de la Comisión de Investigación sobre la crisis financiera de España y el programa de asistencia financiera.,"Pérez-Hickman Silván, Mariano",GP,No,6,313,21,10,https://www.congreso.es/es/busqueda-de-iniciativas?p_p_id=iniciativas&p_p_lifecycle=0&p_p_state=normal&p_p_mode=view&_iniciativas_mode=mostrarDetalle&_iniciativas_legislatura=XII&_iniciativas_id=152/000002
28/2/2019,Dictámenes de Comisiones de Investigación.,Dictamen de la Comisión de Investigación sobre la crisis financiera de España y el programa de asistencia financiera.,"Vañó Ferre, Francisco",GP,No,6,313,21,10,https://www.congreso.es/es/busqueda-de-iniciativas?p_p_id=iniciativas&p_p_lifecycle=0&p_p_state=normal&p_p_mode=view&_iniciativas_mode=mostrarDetalle&_iniciativas_legislatura=XII&_iniciativas_id=152/000002
28/2/2019,Dictámenes de Comisiones de Investigación.,Dictamen de la Comisión de Investigación sobre la crisis financiera de España y el programa de asistencia financiera.,"Núñez Jiménez, Andrés",GP,No,6,313,21,10,https://www.congreso.es/es/busqueda-de-iniciativas?p_p_id=iniciativas&p_p_lifecycle=0&p_p_state=normal&p_p_mode=view&_iniciativas_mode=mostrarDetalle&_iniciativas_legislatura=XII&_iniciativas_id=152/000002
28/2/2019,Dictámenes de Comisiones de Investigación.,Dictamen de la Comisión de Investigación sobre la crisis financiera de España y el programa de asistencia financiera.,"Sánchez Maroto, Sol",GCUP-EC-EM,No,6,313,21,10,https://www.congreso.es/es/busqueda-de-iniciativas?p_p_id=iniciativas&p_p_lifecycle=0&p_p_state=normal&p_p_mode=view&_iniciativas_mode=mostrarDetalle&_iniciativas_legislatura=XII&_iniciativas_id=152/000002
28/2/2019,Dictámenes de Comisiones de Investigación.,Dictamen de la Comisión de Investigación sobre la crisis financiera de España y el programa de asistencia financiera.,"Chandiramani Ramesh, Kissy",GP,No,6,313,21,10,https://www.congreso.es/es/busqueda-de-iniciativas?p_p_id=iniciativas&p_p_lifecycle=0&p_p_state=normal&p_p_mode=view&_iniciativas_mode=mostrarDetalle&_iniciativas_legislatura=XII&_iniciativas_id=152/000002
28/2/2019,Dictámenes de Comisiones de Investigación.,Dictamen de la Comisión de Investigación sobre la crisis financiera de España y el programa de asistencia financiera.,"Iglesias Camarero, María Carmen",GCUP-EC-EM,No,6,313,21,10,https://www.congreso.es/es/busqueda-de-iniciativas?p_p_id=iniciativas&p_p_lifecycle=0&p_p_state=normal&p_p_mode=view&_iniciativas_mode=mostrarDetalle&_iniciativas_legislatura=XII&_iniciativas_id=152/000002
28/2/2019,Dictámenes de Comisiones de Investigación.,Dictamen de la Comisión de Investigación sobre la crisis financiera de España y el programa de asistencia financiera.,"Torres Fernández, Manuel",GP,No,6,313,21,10,https://www.congreso.es/es/busqueda-de-iniciativas?p_p_id=iniciativas&p_p_lifecycle=0&p_p_state=normal&p_p_mode=view&_iniciativas_mode=mostrarDetalle&_iniciativas_legislatura=XII&_iniciativas_id=152/000002
28/2/2019,Dictámenes de Comisiones de Investigación.,Dictamen de la Comisión de Investigación sobre la crisis financiera de España y el programa de asistencia financiera.,"Romaní Cantera, José Ignacio",GP,No,6,313,21,10,https://www.congreso.es/es/busqueda-de-iniciativas?p_p_id=iniciativas&p_p_lifecycle=0&p_p_state=normal&p_p_mode=view&_iniciativas_mode=mostrarDetalle&_iniciativas_legislatura=XII&_iniciativas_id=152/000002
28/2/2019,Dictámenes de Comisiones de Investigación.,Dictamen de la Comisión de Investigación sobre la crisis financiera de España y el programa de asistencia financiera.,"Legarda Uriarte, Mikel",GV (EAJ-PNV),Sí,6,313,21,10,https://www.congreso.es/es/busqueda-de-iniciativas?p_p_id=iniciativas&p_p_lifecycle=0&p_p_state=normal&p_p_mode=view&_iniciativas_mode=mostrarDetalle&_iniciativas_legislatura=XII&_iniciativas_id=152/000002
28/2/2019,Dictámenes de Comisiones de Investigación.,Dictamen de la Comisión de Investigación sobre la crisis financiera de España y el programa de asistencia financiera.,"Agirretxea Urresti, Joseba Andoni",GV (EAJ-PNV),Sí,6,313,21,10,https://www.congreso.es/es/busqueda-de-iniciativas?p_p_id=iniciativas&p_p_lifecycle=0&p_p_state=normal&p_p_mode=view&_iniciativas_mode=mostrarDetalle&_iniciativas_legislatura=XII&_iniciativas_id=152/000002
28/2/2019,Dictámenes de Comisiones de Investigación.,Dictamen de la Comisión de Investigación sobre la crisis financiera de España y el programa de asistencia financiera.,"Esteban Bravo, Aitor",GV (EAJ-PNV),Sí,6,313,21,10,https://www.congreso.es/es/busqueda-de-iniciativas?p_p_id=iniciativas&p_p_lifecycle=0&p_p_state=normal&p_p_mode=view&_iniciativas_mode=mostrarDetalle&_iniciativas_legislatura=XII&_iniciativas_id=152/000002
28/2/2019,Dictámenes de Comisiones de Investigación.,Dictamen de la Comisión de Investigación sobre la crisis financiera de España y el programa de asistencia financiera.,"Oramas González-Moro, Ana María",GMx,Sí,6,313,21,10,https://www.congreso.es/es/busqueda-de-iniciativas?p_p_id=iniciativas&p_p_lifecycle=0&p_p_state=normal&p_p_mode=view&_iniciativas_mode=mostrarDetalle&_iniciativas_legislatura=XII&_iniciativas_id=152/000002
28/2/2019,Dictámenes de Comisiones de Investigación.,Dictamen de la Comisión de Investigación sobre la crisis financiera de España y el programa de asistencia financiera.,"Barandiaran Benito, Íñigo",GV (EAJ-PNV),Sí,6,313,21,10,https://www.congreso.es/es/busqueda-de-iniciativas?p_p_id=iniciativas&p_p_lifecycle=0&p_p_state=normal&p_p_mode=view&_iniciativas_mode=mostrarDetalle&_iniciativas_legislatura=XII&_iniciativas_id=152/000002
28/2/2019,Dictámenes de Comisiones de Investigación.,Dictamen de la Comisión de Investigación sobre la crisis financiera de España y el programa de asistencia financiera.,"Sagastizabal Unzetabarrenetxea, Idoia",GV (EAJ-PNV),Sí,6,313,21,10,https://www.congreso.es/es/busqueda-de-iniciativas?p_p_id=iniciativas&p_p_lifecycle=0&p_p_state=normal&p_p_mode=view&_iniciativas_mode=mostrarDetalle&_iniciativas_legislatura=XII&_iniciativas_id=152/000002
28/2/2019,Dictámenes de Comisiones de Investigación.,Dictamen de la Comisión de Investigación sobre la crisis financiera de España y el programa de asistencia financiera.,"Candela Serna, Ignasi",GMx,Abstención,6,313,21,10,https://www.congreso.es/es/busqueda-de-iniciativas?p_p_id=iniciativas&p_p_lifecycle=0&p_p_state=normal&p_p_mode=view&_iniciativas_mode=mostrarDetalle&_iniciativas_legislatura=XII&_iniciativas_id=152/000002
28/2/2019,Dictámenes de Comisiones de Investigación.,Dictamen de la Comisión de Investigación sobre la crisis financiera de España y el programa de asistencia financiera.,"Bataller i Ruiz, Enric",GMx,Abstención,6,313,21,10,https://www.congreso.es/es/busqueda-de-iniciativas?p_p_id=iniciativas&p_p_lifecycle=0&p_p_state=normal&p_p_mode=view&_iniciativas_mode=mostrarDetalle&_iniciativas_legislatura=XII&_iniciativas_id=152/000002
28/2/2019,Dictámenes de Comisiones de Investigación.,Dictamen de la Comisión de Investigación sobre la crisis financiera de España y el programa de asistencia financiera.,"Baldoví Roda, Joan",GMx,Abstención,6,313,21,10,https://www.congreso.es/es/busqueda-de-iniciativas?p_p_id=iniciativas&p_p_lifecycle=0&p_p_state=normal&p_p_mode=view&_iniciativas_mode=mostrarDetalle&_iniciativas_legislatura=XII&_iniciativas_id=152/000002
28/2/2019,Dictámenes de Comisiones de Investigación.,Dictamen de la Comisión de Investigación sobre la crisis financiera de España y el programa de asistencia financiera.,"Sorlí Fresquet, Marta",GMx,Abstención,6,313,21,10,https://www.congreso.es/es/busqueda-de-iniciativas?p_p_id=iniciativas&p_p_lifecycle=0&p_p_state=normal&p_p_mode=view&_iniciativas_mode=mostrarDetalle&_iniciativas_legislatura=XII&_iniciativas_id=152/000002
28/2/2019,Dictámenes de Comisiones de Investigación.,Dictamen de la Comisión de Investigación sobre la crisis financiera de España y el programa de asistencia financiera.,"Ciuró i Buldó, Lourdes",GMx,Abstención,6,313,21,10,https://www.congreso.es/es/busqueda-de-iniciativas?p_p_id=iniciativas&p_p_lifecycle=0&p_p_state=normal&p_p_mode=view&_iniciativas_mode=mostrarDetalle&_iniciativas_legislatura=XII&_iniciativas_id=152/000002
28/2/2019,Dictámenes de Comisiones de Investigación.,Dictamen de la Comisión de Investigación sobre la crisis financiera de España y el programa de asistencia financiera.,"Campuzano i Canadés, Carles",GMx,Abstención,6,313,21,10,https://www.congreso.es/es/busqueda-de-iniciativas?p_p_id=iniciativas&p_p_lifecycle=0&p_p_state=normal&p_p_mode=view&_iniciativas_mode=mostrarDetalle&_iniciativas_legislatura=XII&_iniciativas_id=152/000002
28/2/2019,Dictámenes de Comisiones de Investigación.,Dictamen de la Comisión de Investigación sobre la crisis financiera de España y el programa de asistencia financiera.,"Margall Sastre, Joan",GER,Abstención,6,313,21,10,https://www.congreso.es/es/busqueda-de-iniciativas?p_p_id=iniciativas&p_p_lifecycle=0&p_p_state=normal&p_p_mode=view&_iniciativas_mode=mostrarDetalle&_iniciativas_legislatura=XII&_iniciativas_id=152/000002
28/2/2019,Dictámenes de Comisiones de Investigación.,Dictamen de la Comisión de Investigación sobre la crisis financiera de España y el programa de asistencia financiera.,"Miquel i Valentí, Sergi",GMx,Abstención,6,313,21,10,https://www.congreso.es/es/busqueda-de-iniciativas?p_p_id=iniciativas&p_p_lifecycle=0&p_p_state=normal&p_p_mode=view&_iniciativas_mode=mostrarDetalle&_iniciativas_legislatura=XII&_iniciativas_id=152/000002
28/2/2019,Dictámenes de Comisiones de Investigación.,Dictamen de la Comisión de Investigación sobre la crisis financiera de España y el programa de asistencia financiera.,"Xuclà i Costa, Jordi",GMx,Abstención,6,313,21,10,https://www.congreso.es/es/busqueda-de-iniciativas?p_p_id=iniciativas&p_p_lifecycle=0&p_p_state=normal&p_p_mode=view&_iniciativas_mode=mostrarDetalle&_iniciativas_legislatura=XII&_iniciativas_id=152/000002
28/2/2019,Dictámenes de Comisiones de Investigación.,Dictamen de la Comisión de Investigación sobre la crisis financiera de España y el programa de asistencia financiera.,"Telechea i Lozano, Carolina",GER,Abstención,6,313,21,10,https://www.congreso.es/es/busqueda-de-iniciativas?p_p_id=iniciativas&p_p_lifecycle=0&p_p_state=normal&p_p_mode=view&_iniciativas_mode=mostrarDetalle&_iniciativas_legislatura=XII&_iniciativas_id=152/000002
28/2/2019,Dictámenes de Comisiones de Investigación.,Dictamen de la Comisión de Investigación sobre la crisis financiera de España y el programa de asistencia financiera.,"Guillaumes i Ràfols, Feliu-Joan",GMx,Abstención,6,313,21,10,https://www.congreso.es/es/busqueda-de-iniciativas?p_p_id=iniciativas&p_p_lifecycle=0&p_p_state=normal&p_p_mode=view&_iniciativas_mode=mostrarDetalle&_iniciativas_legislatura=XII&_iniciativas_id=152/000002
28/2/2019,Dictámenes de Comisiones de Investigación.,Dictamen de la Comisión de Investigación sobre la crisis financiera de España y el programa de asistencia financiera.,"Surra Spadea, Ana María",GER,Abstención,6,313,21,10,https://www.congreso.es/es/busqueda-de-iniciativas?p_p_id=iniciativas&p_p_lifecycle=0&p_p_state=normal&p_p_mode=view&_iniciativas_mode=mostrarDetalle&_iniciativas_legislatura=XII&_iniciativas_id=152/000002
28/2/2019,Dictámenes de Comisiones de Investigación.,Dictamen de la Comisión de Investigación sobre la crisis financiera de España y el programa de asistencia financiera.,"Matute García de Jalón, Oskar",GMx,Abstención,6,313,21,10,https://www.congreso.es/es/busqueda-de-iniciativas?p_p_id=iniciativas&p_p_lifecycle=0&p_p_state=normal&p_p_mode=view&_iniciativas_mode=mostrarDetalle&_iniciativas_legislatura=XII&_iniciativas_id=152/000002
28/2/2019,Dictámenes de Comisiones de Investigación.,Dictamen de la Comisión de Investigación sobre la crisis financiera de España y el programa de asistencia financiera.,"Beitialarrangoitia Lizarralde, Marian",GMx,Abstención,6,313,21,10,https://www.congreso.es/es/busqueda-de-iniciativas?p_p_id=iniciativas&p_p_lifecycle=0&p_p_state=normal&p_p_mode=view&_iniciativas_mode=mostrarDetalle&_iniciativas_legislatura=XII&_iniciativas_id=152/000002
28/2/2019,Dictámenes de Comisiones de Investigación.,Dictamen de la Comisión de Investigación sobre la crisis financiera de España y el programa de asistencia financiera.,"Salvador i Duch, Jordi",GER,Abstención,6,313,21,10,https://www.congreso.es/es/busqueda-de-iniciativas?p_p_id=iniciativas&p_p_lifecycle=0&p_p_state=normal&p_p_mode=view&_iniciativas_mode=mostrarDetalle&_iniciativas_legislatura=XII&_iniciativas_id=152/000002
28/2/2019,Dictámenes de Comisiones de Investigación.,Dictamen de la Comisión de Investigación sobre la crisis financiera de España y el programa de asistencia financiera.,"Capdevila i Esteve, Joan",GER,Abstención,6,313,21,10,https://www.congreso.es/es/busqueda-de-iniciativas?p_p_id=iniciativas&p_p_lifecycle=0&p_p_state=normal&p_p_mode=view&_iniciativas_mode=mostrarDetalle&_iniciativas_legislatura=XII&_iniciativas_id=152/000002
28/2/2019,Dictámenes de Comisiones de Investigación.,Dictamen de la Comisión de Investigación sobre la crisis financiera de España y el programa de asistencia financiera.,"Rufián Romero, Gabriel",GER,Abstención,6,313,21,10,https://www.congreso.es/es/busqueda-de-iniciativas?p_p_id=iniciativas&p_p_lifecycle=0&p_p_state=normal&p_p_mode=view&_iniciativas_mode=mostrarDetalle&_iniciativas_legislatura=XII&_iniciativas_id=152/000002
28/2/2019,Dictámenes de Comisiones de Investigación.,Dictamen de la Comisión de Investigación sobre la crisis financiera de España y el programa de asistencia financiera.,"Tardà i Coma, Joan",GER,Abstención,6,313,21,10,https://www.congreso.es/es/busqueda-de-iniciativas?p_p_id=iniciativas&p_p_lifecycle=0&p_p_state=normal&p_p_mode=view&_iniciativas_mode=mostrarDetalle&_iniciativas_legislatura=XII&_iniciativas_id=152/000002
28/2/2019,Dictámenes de Comisiones de Investigación.,Dictamen de la Comisión de Investigación sobre la crisis financiera de España y el programa de asistencia financiera.,"Bel Accensi, Ferran",GMx,Abstención,6,313,21,10,https://www.congreso.es/es/busqueda-de-iniciativas?p_p_id=iniciativas&p_p_lifecycle=0&p_p_state=normal&p_p_mode=view&_iniciativas_mode=mostrarDetalle&_iniciativas_legislatura=XII&_iniciativas_id=152/000002
28/2/2019,Dictámenes de Comisiones de Investigación.,Dictamen de la Comisión de Investigación sobre la crisis financiera de España y el programa de asistencia financiera.,"Eritja Ciuró, Francesc Xavier",GER,Abstención,6,313,21,10,https://www.congreso.es/es/busqueda-de-iniciativas?p_p_id=iniciativas&p_p_lifecycle=0&p_p_state=normal&p_p_mode=view&_iniciativas_mode=mostrarDetalle&_iniciativas_legislatura=XII&_iniciativas_id=152/000002
28/2/2019,Dictámenes de Comisiones de Investigación.,Dictamen de la Comisión de Investigación sobre la crisis financiera de España y el programa de asistencia financiera.,"Olòriz Serra, Joan",GER,Abstención,6,313,21,10,https://www.congreso.es/es/busqueda-de-iniciativas?p_p_id=iniciativas&p_p_lifecycle=0&p_p_state=normal&p_p_mode=view&_iniciativas_mode=mostrarDetalle&_iniciativas_legislatura=XII&_iniciativas_id=152/000002
28/2/2019,Dictámenes de Comisiones de Investigación.,Dictamen de la Comisión de Investigación sobre la crisis financiera de España y el programa de asistencia financiera.,"Quevedo Iturbe, Pedro",GMx,No vota,6,313,21,10,https://www.congreso.es/es/busqueda-de-iniciativas?p_p_id=iniciativas&p_p_lifecycle=0&p_p_state=normal&p_p_mode=view&_iniciativas_mode=mostrarDetalle&_iniciativas_legislatura=XII&_iniciativas_id=152/000002
28/2/2019,Dictámenes de Comisiones de Investigación.,Dictamen de la Comisión de Investigación sobre la crisis financiera de España y el programa de asistencia financiera.,"Méndez de Vigo Montojo, Íñigo",GP,No vota,6,313,21,10,https://www.congreso.es/es/busqueda-de-iniciativas?p_p_id=iniciativas&p_p_lifecycle=0&p_p_state=normal&p_p_mode=view&_iniciativas_mode=mostrarDetalle&_iniciativas_legislatura=XII&_iniciativas_id=152/000002
28/2/2019,Dictámenes de Comisiones de Investigación.,Dictamen de la Comisión de Investigación sobre la crisis financiera de España y el programa de asistencia financiera.,"Casado Blanco, Pablo",GP,No vota,6,313,21,10,https://www.congreso.es/es/busqueda-de-iniciativas?p_p_id=iniciativas&p_p_lifecycle=0&p_p_state=normal&p_p_mode=view&_iniciativas_mode=mostrarDetalle&_iniciativas_legislatura=XII&_iniciativas_id=152/000002
28/2/2019,Dictámenes de Comisiones de Investigación.,Dictamen de la Comisión de Investigación sobre la crisis financiera de España y el programa de asistencia financiera.,"Peña Camarero, Esther",GS,No vota,6,313,21,10,https://www.congreso.es/es/busqueda-de-iniciativas?p_p_id=iniciativas&p_p_lifecycle=0&p_p_state=normal&p_p_mode=view&_iniciativas_mode=mostrarDetalle&_iniciativas_legislatura=XII&_iniciativas_id=152/000002
28/2/2019,Dictámenes de Comisiones de Investigación.,Dictamen de la Comisión de Investigación sobre la crisis financiera de España y el programa de asistencia financiera.,"Nogueras i Camero, Míriam",GMx,No vota,6,313,21,10,https://www.congreso.es/es/busqueda-de-iniciativas?p_p_id=iniciativas&p_p_lifecycle=0&p_p_state=normal&p_p_mode=view&_iniciativas_mode=mostrarDetalle&_iniciativas_legislatura=XII&_iniciativas_id=152/000002
28/2/2019,Dictámenes de Comisiones de Investigación.,Dictamen de la Comisión de Investigación sobre la crisis financiera de España y el programa de asistencia financiera.,"Postius Terrado, Antoni",GMx,No vota,6,313,21,10,https://www.congreso.es/es/busqueda-de-iniciativas?p_p_id=iniciativas&p_p_lifecycle=0&p_p_state=normal&p_p_mode=view&_iniciativas_mode=mostrarDetalle&_iniciativas_legislatura=XII&_iniciativas_id=152/000002
28/2/2019,Dictámenes de Comisiones de Investigación.,Dictamen de la Comisión de Investigación sobre la crisis financiera de España y el programa de asistencia financiera.,"Llorens Torres, José Ignacio",GP,No vota,6,313,21,10,https://www.congreso.es/es/busqueda-de-iniciativas?p_p_id=iniciativas&p_p_lifecycle=0&p_p_state=normal&p_p_mode=view&_iniciativas_mode=mostrarDetalle&_iniciativas_legislatura=XII&_iniciativas_id=152/000002
28/2/2019,Dictámenes de Comisiones de Investigación.,Dictamen de la Comisión de Investigación sobre la crisis financiera de España y el programa de asistencia financiera.,"Muñoz González, Pedro José",GS,No vota,6,313,21,10,https://www.congreso.es/es/busqueda-de-iniciativas?p_p_id=iniciativas&p_p_lifecycle=0&p_p_state=normal&p_p_mode=view&_iniciativas_mode=mostrarDetalle&_iniciativas_legislatura=XII&_iniciativas_id=152/000002
28/2/2019,Dictámenes de Comisiones de Investigación.,Dictamen de la Comisión de Investigación sobre la crisis financiera de España y el programa de asistencia financiera.,"Iglesias Turrión, Pablo",GCUP-EC-EM,No vota,6,313,21,10,https://www.congreso.es/es/busqueda-de-iniciativas?p_p_id=iniciativas&p_p_lifecycle=0&p_p_state=normal&p_p_mode=view&_iniciativas_mode=mostrarDetalle&_iniciativas_legislatura=XII&_iniciativas_id=152/000002
28/2/2019,Dictámenes de Comisiones de Investigación.,Dictamen de la Comisión de Investigación sobre la crisis financiera de España y el programa de asistencia financiera.,"Cañamero Valle, Diego",GCUP-EC-EM,No vota,6,313,21,10,https://www.congreso.es/es/busqueda-de-iniciativas?p_p_id=iniciativas&p_p_lifecycle=0&p_p_state=normal&p_p_mode=view&_iniciativas_mode=mostrarDetalle&_iniciativas_legislatura=XII&_iniciativas_id=152/000002
